18
 195 
  22  172 
 978 1173 1001 
 906 1101  929   72 
 756  951  779  222  149 
 172   22  149 1151 1079  929 
 857 1052  879  121   49  100 1029 
 940 1135  963   38   33  183 1112   83 
1060 1255 1083   82  154  304 1233  203  120 
 230   35  207 1209 1137  987   57 1087 1170 1291 
1015 1210 1038   36  108  258 1187  158   74   45 1245 
  19  214   42  958  886  736  192  837  920 1040  250  995 
 210   15  188 1189 1117  967   38 1067 1151 1271   19 1226  230 
  18  176    4  997  924  774  154  875  958 1079  212 1033   38  192 
 849 1045  872  128   56   93 1022    7   90  210 1080  165  830 1060  868 
 855 1050  878  123   50   98 1028    1   84  205 1086  159  835 1066  873    5 
 295  100  272 1274 1202 1052  123 1152 1236 1356   65 1310  315   84  277 1145 1151 
