25
  5 
 51  55 
 34  35  84 
158 161 106 188 
118 115 100 149 147 
129 125 123 156 180  32 
128 134 108 135 128 207 232 
 81  77  80 110 158  42  47 188 
 59  62  95  35 189 177 187 113 140 
 76  77  34 111  95  72 100 134  66 127 
207 210 155 238  49 181 214 167 199 239 140 
 90  96  65 106 106 164 188  43 145  93  92 152 
171 176 140 182 118 231 259  49 220 162 159 146  80 
189 190 138 222  59 136 168 185 161 231 113  53 158 177 
105 109 129  84 205 221 234  98 186  49 163 252  99 146 255 
181 187 164 183 167 262 288  55 244 155 189 197  99  51 226 125 
224 226 172 256  76 175 207 202 201 262 150  39 182 184  39 281 235 
 41  44  78  24 176 159 170 112 122  18 110 226  85 160 216  65 158 248 
192 198 167 199 149 260 288  64 247 175 188 174 103  31 208 150  31 213 175 
100 105 118  85 189 213 228  81 180  51 152 236  83 130 240  17 111 265  63 135 
 56  57  20  91 109  80 104 128  62 108  20 156  84 158 133 146 184 169  90 185 136 
138 142  91 163  43 161 192  84 160 158  94  85  67  79 102 167 125 118 147 110 150 101 
106 111  62 131  65 145 174  71 137 127  74 113  41  85 118 140 122 141 115 115 124  76  31 
105 110  72 122  92 167 193  42 152 110  94 137  17  68 147 115  95 168 103  95  98  90  52  30 
