130
119.096460 
169.646339 139.191772 
248.296385 130.370465 220.063304 
161.415514 274.630306 257.213757 404.910116 
507.813202 390.345133 408.556948 273.794560 650.247097 
295.591236 365.447492 463.998648 449.607593 328.679762 720.322954 
199.721421 137.566892 48.627692 188.161224 303.336139 360.170032 487.628074 
543.899144 467.845229 596.088158 386.038488 696.588381 475.309639 531.408289 571.720380 
430.459685 323.264945 300.707102 241.038952 555.009630 136.554741 682.043508 252.696523 548.979023 
164.897956 282.241019 278.672051 412.433882 31.111136 664.221298 301.312104 323.416002 688.832778 573.341621 
382.812888 309.004112 441.290786 243.771451 536.970074 410.327506 408.260580 421.399897 161.277363 447.343501 530.561761 
409.242566 313.076896 262.324430 257.297489 519.535283 203.978147 678.126409 217.174251 597.552402 67.574110 540.438911 483.766257 
424.763556 317.649986 295.224512 236.153645 549.403031 139.414409 676.633557 247.172786 546.866673 5.698927 567.694881 443.973311 65.425026 
272.594991 230.133928 369.317687 225.376538 417.293241 464.485868 285.655762 362.754358 282.111038 463.291229 407.752132 130.786039 482.611013 458.756156 
87.830507 191.206579 177.276576 320.819753 86.187843 564.142992 333.985828 221.142968 631.729148 470.935716 102.479114 470.627869 438.285722 465.295024 359.131382 
155.955376 112.545430 249.960818 163.542099 311.466426 435.445519 286.065992 249.710451 387.956903 399.300203 307.638688 226.961845 403.361111 394.061518 123.038412 243.784381 
187.435443 109.097550 68.015564 155.961463 307.039927 346.622495 467.505984 33.686452 538.371102 248.984201 324.469160 387.719556 222.055645 243.321961 330.529882 222.188939 219.757539 
225.609957 198.161227 335.740035 221.490513 367.061114 478.416051 251.368554 334.761721 332.873507 462.528269 357.087461 179.554871 474.783387 457.640729 50.801388 311.048114 85.827694 304.069458 
200.943803 86.748475 140.722781 79.610071 346.309383 307.150445 447.638212 109.455962 462.432606 236.920040 358.204637 314.042663 231.383863 231.338135 269.699928 260.278661 173.743072 76.615352 251.366798 
249.181459 157.486518 117.859921 152.372745 368.555250 290.842944 522.354195 69.341774 537.108494 186.579219 386.792511 395.732018 160.165105 180.945866 358.530348 284.364736 259.479259 62.920419 339.480106 88.862671 
301.272321 192.296845 190.809846 127.644226 434.213582 218.368770 552.880411 142.936871 492.885499 130.968305 450.077206 364.212480 131.221426 125.354229 352.175679 348.573419 273.540234 128.412273 343.573790 106.097520 74.503295 
331.159140 224.107244 210.917307 156.784747 459.960907 198.659380 585.369515 162.309296 510.733796 99.565055 476.934018 387.851021 100.531281 93.893414 382.079733 374.891432 305.864909 152.929465 374.954385 138.306599 93.151221 32.517970 
284.805804 229.868711 368.480905 208.648244 434.450266 438.675742 315.273494 358.034103 262.300965 443.047532 426.583826 105.847894 465.568966 438.684765 29.706414 372.298745 130.331310 325.091301 73.961041 260.014937 348.255017 336.254934 365.205701 
354.110982 374.874683 502.503454 413.787898 443.133919 662.748333 158.819945 511.641237 387.955813 654.762557 421.177681 291.120639 666.707464 649.920438 198.285829 420.696068 266.903481 483.953649 192.440397 440.091296 526.379180 535.594619 567.175450 225.010740 
243.886958 327.132432 413.526256 424.578336 264.898283 698.114562 63.874955 440.957981 555.022942 648.999934 237.437246 419.441556 639.707178 643.460780 290.580415 273.824613 263.501577 423.609357 248.405149 412.318302 481.286538 518.403153 550.605035 319.059124 205.765246 
201.610699 170.033600 307.616655 200.013912 347.770708 462.669120 260.525704 306.768887 349.260994 440.685855 339.593932 191.843759 450.589413 435.686647 71.014949 288.139328 57.679815 276.244451 28.152148 225.094955 312.764118 319.535472 351.253815 86.991777 216.143764 250.630980 
220.965657 274.795827 169.923759 383.666585 177.284438 572.680041 484.905571 215.473485 742.139660 454.282346 208.154261 582.173556 403.686373 449.211132 486.558065 152.258481 364.190534 237.788305 442.771129 306.555067 283.451015 357.874200 374.071628 493.971759 570.792442 423.474855 416.839485 
304.450677 259.453925 398.582204 243.855948 448.359894 470.211165 300.503761 390.194696 253.281778 477.801554 438.256914 108.540447 500.768914 473.483316 31.861171 390.925658 154.274983 357.553042 81.308077 294.024072 382.516740 371.453761 400.415078 35.212209 196.750544 311.077168 102.853972 518.158757 
242.062304 215.310241 78.322782 276.159355 299.005432 416.454847 537.652320 88.507044 660.227028 292.671221 324.942503 509.360085 240.305804 287.789798 444.962809 230.224735 327.207623 121.952496 413.033973 197.909770 139.142033 210.908871 220.353790 442.435256 580.726662 484.834117 384.883130 163.408622 473.543541 
175.511923 132.924833 271.043152 170.625246 328.691443 439.208726 281.117449 269.453714 368.986127 409.532323 323.503086 208.474136 416.610585 404.406335 101.351521 263.221128 21.715841 238.914884 65.325109 189.109739 276.206276 285.974868 318.025750 109.588571 251.065015 263.333989 37.336184 385.618819 132.666993 348.027238 
404.190757 403.879248 538.732282 418.318079 509.270242 647.275734 237.856434 541.241988 322.252348 655.694286 489.375826 250.960929 675.453281 651.250738 192.981252 478.141707 291.535655 511.082539 207.329994 457.740407 546.284845 544.761101 574.931916 212.945110 79.037293 283.233184 234.899582 624.586441 178.861375 616.831407 272.197670 
265.428357 172.645054 131.274629 158.186567 383.801828 278.572174 537.827784 82.666023 540.662462 171.207819 402.372072 401.957257 143.937657 165.603011 369.311363 299.909385 272.846156 78.986815 351.785670 100.452396 16.246898 65.625376 80.028763 358.065734 539.699161 497.165161 325.361828 294.471201 392.589017 145.312304 289.079369 558.160319 
149.137253 132.392984 264.754578 195.825845 296.944002 467.877394 253.823535 269.645245 399.651234 430.371385 290.245314 240.378399 432.518632 425.082921 123.511552 235.684341 32.435121 241.414160 77.256121 201.680691 285.268029 303.525583 335.966472 137.731996 242.571127 231.312291 52.497590 365.523620 155.350974 342.894359 35.960574 273.980154 299.240702 
197.829332 80.991241 189.109420 50.710743 355.480695 321.408587 407.899563 166.326990 407.253596 275.307805 362.264056 255.079744 281.076324 270.044569 209.114278 272.176454 124.058964 132.643195 194.457161 61.619398 149.809615 150.270141 182.334874 198.518367 385.745262 379.255004 169.603880 345.050189 232.707332 254.350764 135.709083 398.979652 160.206441 155.103289 
417.009418 410.122094 546.531658 416.861079 527.068453 638.617461 261.782460 546.929934 299.935828 652.022804 507.959928 237.060769 674.143953 647.715285 192.001570 493.033327 297.580986 516.121577 212.168224 460.097859 548.903170 544.035156 573.644941 209.156984 103.044807 305.899810 240.190435 637.868959 174.234931 624.329956 277.482381 24.549231 560.277604 282.319042 400.373272 
299.543825 189.152345 193.264370 120.559986 434.398602 217.010858 548.430890 145.807188 485.225964 134.407208 449.793211 356.560813 137.596512 128.852931 345.375200 348.583098 268.176485 129.651129 337.371466 102.577640 78.264299 7.707537 37.761467 329.206708 529.519793 514.612628 313.546061 361.112632 364.412804 215.865689 280.264289 538.059263 70.614291 298.400550 144.575685 537.167606 
330.656842 235.943036 357.701828 147.705025 491.323181 324.927369 429.884900 332.200345 239.522282 349.170850 490.372142 100.101693 383.828610 345.582803 148.455662 416.119952 185.004657 298.879222 178.990144 222.928252 299.965840 264.529739 287.772512 119.587948 343.646558 426.050645 176.040463 510.045508 147.376010 420.707365 173.728856 322.447947 305.005088 209.683763 168.599399 313.800330 256.854135 
65.271296 105.992481 105.424888 232.086980 178.124949 472.473193 360.859579 140.177299 567.129842 382.964569 192.148506 406.389071 355.213230 377.283777 309.719930 91.950050 187.012649 134.367850 267.365016 168.476008 197.282408 258.023302 285.429905 316.660578 413.339704 308.728193 240.726356 177.311205 341.186539 176.792741 208.534377 458.454440 213.290487 190.537712 185.304733 469.423477 257.652097 340.250758 
319.412426 207.518308 213.932369 127.998376 455.359219 195.947006 564.074488 166.213038 480.453564 117.972764 470.588088 356.859321 129.951344 112.588306 353.311936 369.498221 281.811424 150.694760 348.057888 120.772112 97.907071 23.403941 31.002685 335.724110 540.482325 531.603056 325.078697 381.255322 370.909959 233.826455 292.818000 546.281962 88.716385 312.632215 157.754829 544.503920 21.069762 256.776156 278.439670 
37.488990 114.123314 134.759465 244.010377 161.142453 493.141253 332.540342 168.670679 562.809468 408.003122 171.501967 401.567416 382.399252 402.308939 298.138320 77.110005 177.306459 160.652193 253.340515 186.709357 223.454822 281.221216 309.644313 307.624550 390.276681 279.720241 227.810240 189.596739 329.914893 205.325651 198.193114 438.371994 239.600918 176.090094 195.110135 450.385474 280.327867 341.559920 29.337683 300.836977 
325.194625 206.108976 262.988146 83.232025 476.879652 190.579603 531.335063 220.759494 394.276913 174.895531 487.049031 275.712816 208.280398 170.897260 290.930683 391.229599 245.568720 194.980053 295.880090 132.070249 162.593800 101.280246 116.459546 269.236133 486.021532 507.626957 277.151891 432.686410 303.668898 301.180524 250.780943 482.177330 159.927153 277.985944 131.850831 477.720943 93.985474 176.083591 299.871389 86.326387 316.073382 
206.729574 223.047041 349.135992 281.482693 322.975981 548.052037 174.617424 358.880044 396.728053 519.954726 307.695269 251.796249 524.432807 514.774384 121.383416 282.463312 121.225429 332.034370 78.558569 293.993982 377.579193 394.765662 427.083691 149.188951 153.402017 170.190937 86.061690 427.226516 145.092478 427.389787 110.870501 197.465201 391.645431 92.443826 245.069992 210.906983 389.384249 257.359117 262.354031 402.772334 241.210678 361.020512 
313.144257 195.012857 237.659725 85.793203 460.511251 195.478795 534.469761 193.779395 423.957996 157.170993 472.329267 301.161614 183.093648 152.595084 306.163522 374.430345 248.625356 169.983907 306.334446 114.240376 133.059563 70.300924 87.487386 286.423674 498.165330 507.269142 285.570444 407.581903 321.367174 272.091513 256.381592 498.743470 129.526869 280.691848 128.055527 495.569160 62.964284 201.079013 282.539345 56.693929 300.832349 31.034947 367.249806 
97.814824 213.193044 215.826474 343.535783 63.823770 594.786540 302.033396 258.370973 634.538562 505.930751 69.639758 474.415702 475.460857 500.261963 356.799289 40.050353 248.266171 256.970653 307.098007 288.579763 319.680678 381.371526 408.765149 372.802771 399.318183 240.335523 286.583934 183.142218 388.190874 270.270124 265.955916 460.917296 335.481833 235.075062 293.621001 477.256741 380.888091 427.506553 123.386118 401.599111 101.870908 417.514560 268.995103 402.691007 
180.538288 74.167104 114.464402 105.717953 321.326707 329.977086 439.527493 87.814269 484.731261 251.531794 334.307742 333.588460 238.921541 245.864529 279.833465 235.155234 175.109849 54.131200 256.839621 27.671673 85.000948 121.134454 151.973718 272.801818 441.848256 401.028043 229.592436 279.066067 305.881021 175.951995 192.612649 464.139354 99.414256 200.313762 78.512721 467.905396 119.072705 245.370389 143.205320 138.880360 163.189206 159.030414 292.587072 139.607958 264.820363 
318.551595 207.069229 211.954204 129.212668 453.950846 197.637642 564.233270 164.151781 482.828062 117.826571 469.313214 358.872903 128.454388 112.400755 354.571064 368.132360 282.282246 148.985123 348.970524 120.324452 95.703703 21.233644 28.993968 337.141771 541.377628 531.496664 325.871124 379.102922 372.335508 231.374259 293.456664 547.527371 86.325030 313.013079 158.244503 545.852641 19.552300 258.802133 277.167569 2.643836 299.718830 88.764318 403.301201 58.983605 400.376217 138.014469 
348.396601 374.214134 499.714551 418.112038 432.644458 670.195010 143.192099 510.347673 403.229509 659.146048 410.084873 303.556946 669.520318 654.234465 206.250838 412.765148 267.988571 483.291657 196.658869 441.634410 527.170717 538.593219 570.381695 233.745065 16.023485 191.474595 219.142493 563.540305 206.802683 577.788747 253.092054 94.748477 540.763632 242.355987 388.444903 118.891187 532.660696 352.956092 408.672233 544.143491 384.934581 491.700137 151.468870 502.964098 390.265150 442.390216 544.966893 
393.971307 280.130227 367.740353 152.893456 553.827186 209.191978 542.040617 329.668002 289.125584 260.174494 558.833929 201.264388 309.115218 257.900118 266.770230 471.310509 273.633072 300.604637 291.202347 228.201752 276.598185 216.682935 228.160799 238.626158 463.293640 531.662922 282.313709 534.744573 267.162846 413.601688 269.366555 440.930055 275.109793 303.757337 199.275236 430.986334 209.524457 119.787595 384.235255 199.823692 394.203139 115.709505 367.558364 146.705082 491.196758 255.685842 202.397908 472.351205 
104.816733 39.772949 103.397733 159.493884 248.648428 405.337484 378.218058 111.377590 507.529713 325.833394 259.773396 348.776782 307.374928 320.141145 267.246439 163.062400 146.689238 89.352115 232.400358 98.483974 147.497574 196.459914 226.427077 268.423993 401.861273 334.536211 204.297842 235.514420 297.167646 181.204242 167.924749 435.660079 163.615235 161.825850 113.658265 443.185557 194.811385 274.654776 72.663185 214.831570 88.275855 228.239210 248.611861 212.556952 190.136677 76.027496 213.908587 399.973769 311.910036 
368.674912 249.605670 299.837047 125.641344 519.641293 149.641252 570.731957 255.493677 393.319014 158.559920 530.217326 289.811519 204.400986 155.675315 321.275146 433.823458 285.866934 232.221254 330.883654 173.873478 192.580341 122.698773 127.138011 297.492502 518.513608 548.832240 313.919853 469.745956 330.884641 331.591389 289.641033 509.700206 186.960804 318.291487 175.054610 503.571378 116.695667 193.475642 342.222116 102.052395 359.055825 43.545206 398.892975 62.245345 460.640619 200.250922 104.694835 525.028686 104.769585 271.021580 
527.766933 442.396206 564.906914 349.440492 684.548189 419.961259 546.395234 537.205015 56.578740 497.897417 679.250504 149.794702 548.683846 496.036752 279.593576 615.183309 373.201469 504.370815 329.117843 427.815346 497.895997 449.142612 464.981517 255.612979 411.675434 563.920118 341.480756 717.088119 254.270030 625.482726 355.994327 352.509062 500.211975 389.073007 375.990115 331.905165 441.571881 207.670587 544.945439 435.252369 543.394934 348.949894 399.307939 379.319367 621.465346 451.629944 437.706667 426.214618 239.572726 481.575178 344.329649 
376.286149 259.596008 337.759436 129.539307 534.225403 188.992950 543.831248 297.967232 324.326516 226.319259 540.987622 226.811366 273.329062 223.756289 276.937990 450.348496 267.223383 270.058051 295.529082 200.155167 242.503509 180.696205 191.593250 250.336794 475.097756 529.183621 283.334891 506.148992 281.344896 380.459505 265.858120 458.323766 240.252438 298.625303 178.841278 450.004916 173.643135 136.210762 361.403247 163.408666 373.483859 80.346292 369.370555 111.115968 472.458409 227.824665 165.994239 483.160084 36.584932 288.744768 68.992498 275.592629 
174.488426 74.828099 208.056211 90.155359 335.730533 363.922163 360.920494 195.231854 393.099651 323.275784 338.719343 234.844527 328.691835 318.039787 168.841555 256.605843 76.024650 162.376561 148.652403 102.788386 191.296636 198.184943 230.351981 162.803320 338.657420 334.465019 122.791752 349.591777 195.217694 280.163419 87.924522 355.009584 203.240733 107.437834 48.119186 357.761827 192.604703 162.147285 178.104968 205.847079 180.633145 173.342577 196.951600 173.666315 272.288244 110.992055 206.354937 340.969592 221.067232 114.436661 215.266481 367.776684 207.217808 
388.385307 272.318249 289.825230 166.372565 529.260866 120.991361 615.671784 241.952979 459.409858 90.983384 543.419302 356.843014 140.626023 88.159295 380.222110 443.168001 329.716630 226.347965 384.534721 187.442840 173.153726 99.036361 85.777359 358.194131 575.204564 588.421176 364.942159 456.571673 392.406781 305.731803 336.876526 571.117557 162.522362 361.859661 209.166867 566.183467 96.810901 259.414487 351.547757 75.927746 372.560612 89.327406 447.657996 81.286790 474.060302 209.382933 77.871424 580.704163 170.284421 285.074691 67.576554 409.303790 135.688566 254.943265 
505.186796 433.321007 564.235141 359.017408 656.378380 472.365187 489.067544 542.100045 42.762194 536.259175 648.012557 124.480143 581.368789 533.754576 240.643016 592.981336 349.294737 508.534201 291.444278 433.402566 511.161176 471.283300 491.151381 221.942439 347.126939 512.275722 308.682473 706.648837 211.318780 630.476389 329.824606 283.534148 515.743013 359.627136 376.373025 261.927618 463.580344 211.327017 530.711838 460.444247 525.255861 375.065260 354.244431 403.750420 594.694134 454.548604 462.718084 362.231399 276.472991 473.090668 378.539998 73.672797 310.002880 358.936388 445.681320 
537.256140 464.577636 594.663742 387.359264 688.398138 487.108897 516.367239 571.669664 18.885001 557.181850 679.908155 156.092423 604.320818 554.907035 272.383498 625.054782 381.352701 538.177887 323.179488 462.678295 539.120551 497.089987 515.912795 253.983463 371.383727 541.330391 340.671272 738.211875 242.782877 660.126364 361.906800 304.678821 543.222622 391.684682 406.357987 282.143280 489.403639 239.966084 562.463045 485.409692 557.207365 399.518417 384.988961 428.769321 626.756055 484.305696 487.738735 386.767698 297.014176 504.334551 400.516529 71.911156 331.604455 390.056096 467.123377 32.085445 
388.128325 274.739595 364.142039 148.213509 548.171019 214.905332 535.038198 326.613583 286.958920 262.946081 552.957285 195.852164 310.787077 260.542792 259.886650 465.866354 266.900886 297.217770 284.200659 224.259171 274.523006 215.874167 228.304215 231.797412 456.525355 524.724464 275.327827 530.714372 260.485309 411.024014 262.502438 434.561815 273.432110 296.949135 193.991003 424.778041 208.626132 113.115123 379.117311 199.569836 388.756506 114.652026 360.558788 145.686833 485.446263 251.657994 202.121506 465.534373 7.003582 306.897775 106.407135 238.126882 37.478154 214.945604 172.666148 273.368277 294.457917 
270.085863 242.443253 106.596377 296.615712 320.312106 419.084779 565.660531 111.563827 682.014760 291.015801 347.183701 532.870744 234.379232 286.446406 471.568284 254.823133 354.643832 145.240392 440.443292 219.745398 153.088244 221.207488 226.733722 468.329474 609.085847 512.431621 412.292293 173.757586 499.827727 28.468344 375.320183 644.717100 156.592610 370.855517 277.840395 651.985185 226.839740 442.595049 204.843285 243.410022 233.187361 315.589205 455.728236 285.690557 294.842793 199.341167 240.861970 606.204074 429.587409 209.060970 343.469662 645.982944 395.589831 305.709036 312.507687 653.108276 682.421019 427.376607 
381.666942 262.604209 311.114051 138.480607 532.420835 137.651299 582.684411 266.297029 394.120483 155.570982 543.113671 295.282739 204.877677 153.097024 331.019471 446.561490 298.141415 243.689823 341.811292 186.488952 202.405064 131.133111 132.824195 306.741769 528.631411 561.264116 325.309601 480.959148 339.792120 341.133217 301.567156 518.467130 196.092680 330.551005 188.014779 511.882382 125.528279 200.354156 354.905197 109.591328 371.906947 56.561527 410.501828 73.973838 473.526736 212.710720 112.212262 535.369370 104.995014 283.829756 13.017015 344.161361 70.784833 227.951147 65.289408 380.691894 401.883937 107.454640 352.310555 
168.403273 285.569939 316.849923 411.024276 105.594144 675.699841 225.966398 356.578873 647.402624 597.486316 76.172503 493.575481 572.153391 591.787753 365.516891 144.341120 281.800695 350.669739 314.985498 369.235843 413.488211 469.227522 498.595281 387.826618 353.035182 162.167537 302.185396 277.221708 394.210189 374.406275 293.759188 424.490587 429.632057 258.202053 360.380977 444.413096 467.711714 466.689304 216.969421 487.711776 190.033461 490.802432 254.741830 480.550352 104.341810 348.837430 486.810181 340.979086 548.581287 272.907128 534.340902 643.367003 535.328403 328.275678 556.660252 605.528809 636.928695 542.238997 399.164223 547.357752 
135.758003 203.126525 135.511309 323.405243 129.347794 541.841664 406.132126 183.898724 665.713626 436.175881 155.929748 504.803916 395.506033 430.706899 404.056065 72.691456 282.740042 195.467231 359.120621 251.829818 252.488759 323.472935 345.610426 413.038046 485.978190 346.397654 333.738817 85.374774 435.816691 169.663561 303.841025 539.215439 266.493425 281.906600 279.661836 552.522514 325.044689 438.606136 98.784656 346.051408 105.937238 383.244508 341.852491 361.799251 109.847290 224.407295 344.276821 479.026178 476.293040 166.197786 423.574923 643.704903 450.890947 276.513998 421.801683 628.993235 660.814984 471.589058 191.278073 435.696891 212.545657 
271.284145 308.931069 427.726354 370.932228 353.865290 635.062641 102.342060 442.134667 430.994680 609.832219 332.110740 306.083692 613.897887 604.659180 185.946624 333.322556 211.023810 417.047310 157.681269 383.017628 465.214075 484.522888 516.876399 215.648457 89.273556 128.410231 172.636365 484.439065 198.739281 505.208630 200.506086 159.904988 479.632904 181.399218 334.954913 180.954975 479.198274 332.843884 333.101703 492.668386 308.283523 449.598265 89.897751 456.725424 310.629895 380.277334 493.192521 79.650762 448.164569 330.834452 486.535374 444.393636 453.208894 286.838797 536.848222 388.439519 416.478136 441.175833 533.676931 497.859899 265.077414 400.208256 
281.837131 389.116033 442.458945 503.735552 229.073337 776.008161 161.607264 479.086946 670.869517 710.445490 197.962576 531.245001 691.077148 704.769533 400.874084 274.301726 352.517376 469.166315 355.226873 475.712228 531.008183 579.984665 610.882255 428.196456 318.351271 117.057908 352.442800 405.383393 423.726017 503.537587 357.489552 397.010052 547.254711 322.432737 454.786143 420.321887 577.468545 528.058457 339.064085 596.390734 310.420890 586.502684 279.516209 581.109262 234.527817 458.956390 595.829427 303.215926 626.052312 385.129048 629.361555 677.754177 619.016856 414.974033 660.523300 628.107424 657.516241 619.278891 528.832374 642.216079 130.617037 343.161569 245.310607 
475.305325 401.658023 532.204205 327.146289 627.782402 448.923844 471.527694 510.005382 68.810503 508.133050 620.135290 93.256702 551.919760 505.478846 213.955233 563.133973 319.349956 476.437227 264.621752 401.334179 479.365778 440.354073 460.739533 193.560341 334.937300 491.582408 280.543014 675.288622 185.841955 598.378598 300.249698 276.296971 484.100923 330.842804 344.278908 256.195990 432.647460 179.441280 499.640642 429.945748 494.687824 344.932240 330.287805 373.271058 565.733243 422.450025 432.188897 349.533341 249.218546 441.418674 349.945507 76.780468 281.841709 327.173288 417.326156 32.098620 62.937940 245.720025 621.029071 352.625670 579.457634 598.058564 369.934117 606.571034 
388.902825 391.663014 252.577740 455.336547 376.850759 549.356989 674.727474 269.130480 840.577035 413.771997 407.748317 690.189789 348.124252 410.370159 621.650150 341.845776 501.019457 302.714652 586.344804 378.161197 309.559696 372.393133 371.542637 621.017873 741.703277 615.527463 558.385598 199.595159 651.114102 180.844450 522.420333 785.296015 310.689983 512.703674 435.195045 794.864741 378.802316 601.088556 328.405276 393.020490 351.950994 470.597628 590.487716 440.037686 377.555811 356.775302 390.389161 736.764397 585.718566 354.605263 494.906639 804.687268 550.935847 459.764063 455.403755 811.230481 840.757164 583.876160 158.720838 502.555311 475.849060 269.174394 660.176556 604.783823 779.135619 
411.379713 310.081371 271.853718 243.491616 528.356549 177.385925 673.467680 225.021646 573.914299 40.873012 548.098360 463.824850 27.602626 38.156304 468.634862 445.652860 394.959567 225.832864 463.422164 225.836929 162.955401 121.450087 89.105101 450.392675 655.787566 637.207558 440.063161 419.765521 485.506273 256.989233 407.074344 661.614301 146.846550 424.964739 271.411095 659.438449 126.844444 364.254292 360.103968 115.570028 386.406920 188.175598 516.181685 165.080631 481.899778 236.436820 114.522888 659.204633 284.974689 307.904353 180.628299 524.365366 249.607548 319.449083 115.273228 558.767777 581.117646 286.956704 253.458333 180.209812 576.438962 406.583847 605.961167 692.899993 529.701788 373.066245 
299.956251 326.023752 450.690776 375.470117 390.405907 633.117128 130.569173 461.749127 401.049393 616.156819 369.292704 284.729394 624.303053 611.141431 173.605097 366.270479 221.479033 435.026724 155.444050 395.200344 479.929698 493.746384 525.771711 202.693969 54.492100 164.931868 175.490567 516.301455 180.639942 528.745329 207.771771 121.650518 493.755802 194.711411 343.478315 142.717502 488.011375 322.058425 359.795620 500.206545 336.310317 451.268078 102.992795 460.903943 345.348043 395.009990 500.924735 49.060083 439.981916 351.179232 486.197429 417.763319 448.059043 295.636487 539.740524 358.830051 385.864143 433.057025 557.164718 496.988567 303.069039 431.504695 38.280504 281.214064 342.191570 688.006460 614.787931 
304.303305 410.953648 465.031382 524.558205 249.142976 797.184859 165.187854 501.673694 683.058150 732.604335 218.058693 545.921911 713.545256 726.931616 416.013256 296.455225 371.908966 491.666608 371.350780 497.608841 553.455338 602.065628 633.039295 443.772404 323.671481 128.035701 369.744112 425.947925 437.937120 525.893877 376.173380 402.655507 569.701176 341.425362 475.845800 426.342689 599.488788 545.664774 361.656828 618.329175 333.005976 607.451954 294.678953 602.466280 256.605340 481.087020 617.790680 308.204271 645.180619 407.434452 650.199541 691.466769 638.797976 435.506113 682.070331 640.311376 669.328894 638.374485 551.100254 663.025062 152.467772 364.919535 254.704474 22.593567 619.501356 625.475896 715.257723 289.465628 
241.737212 304.139104 407.732831 387.189415 298.953620 658.385299 62.564189 428.982636 492.660980 619.572105 274.800914 359.674767 616.347511 614.171902 232.630628 290.352183 223.668411 407.669358 194.022916 385.547711 461.404760 490.584210 523.086320 261.757098 149.993515 62.748356 200.591139 442.597946 251.134323 482.877755 219.329280 224.937862 476.735282 191.369099 345.335954 246.735646 486.069299 372.997779 306.576482 501.599634 279.165577 469.094832 115.744748 471.955894 262.598155 378.061726 501.775760 137.220747 482.851834 318.646963 508.754208 502.640798 483.346817 298.376628 553.175484 449.933884 478.813851 475.860094 511.135046 520.788682 204.064815 360.783582 66.620780 179.747107 429.702260 626.961643 611.326934 104.270354 190.540093 
65.561079 92.013563 104.368767 218.412955 190.332172 461.015177 359.802341 135.046197 553.931702 373.827320 203.224743 393.332553 348.001141 368.135988 298.353873 104.336720 175.411022 126.221593 256.884235 155.978979 189.037015 247.680483 275.708151 304.578573 407.002296 309.262425 229.930850 189.592543 329.684605 178.660909 197.033600 450.304449 205.176110 180.477496 171.414411 460.737151 247.027703 326.450064 13.979494 267.685075 34.431233 286.971039 255.105945 270.182414 133.957099 131.245100 266.490038 402.809612 370.424275 59.175646 329.495318 531.370823 347.804218 164.304844 340.194559 517.717045 549.423227 365.279919 206.989297 342.226531 224.455949 112.343146 328.171781 344.325612 486.567316 335.415646 351.991819 353.819000 366.896035 304.265761 
452.107794 339.485653 426.976390 212.898337 612.522325 212.034470 584.210709 387.959529 264.342095 291.530104 616.788224 212.640234 347.373899 290.258914 302.017204 530.536876 325.702421 359.552272 333.019060 287.926286 332.519119 268.627312 275.891995 272.615224 493.098038 578.398148 327.774366 594.474607 296.737055 470.656265 319.183329 462.037471 329.789725 354.491014 258.816036 449.325167 261.881075 154.429152 443.978117 249.711537 453.433258 169.998543 411.050271 200.283128 549.616028 315.471472 252.346589 503.517072 60.020269 371.756190 148.792403 210.098819 90.206771 278.227205 206.809789 260.375796 275.439388 64.863456 485.568953 144.557652 604.031517 536.303037 487.174064 676.660895 237.683453 640.289034 321.512196 475.225485 695.169498 526.793804 430.137075 
465.291167 372.235575 489.833184 272.162704 624.885241 351.640982 521.086487 460.306300 127.959676 421.020116 622.151157 113.162998 470.181310 418.920459 239.535008 551.577089 314.544048 427.840999 284.932223 351.231512 419.077098 369.489678 385.428243 211.676527 402.222376 530.057599 291.823934 645.736209 220.700886 548.283309 299.748155 355.288055 421.035060 334.712783 301.899453 338.295551 361.924033 136.470366 476.720865 355.628260 477.650202 269.314279 360.731341 299.657914 561.209429 375.824190 358.076568 415.216274 161.310226 410.669491 265.797419 79.662946 196.854969 298.617627 331.557890 120.788469 137.023498 159.395041 568.165161 266.276879 592.625614 575.052428 419.039652 639.863886 99.909496 726.764610 446.258199 397.837350 655.399690 471.283674 462.919506 139.615014 
504.332611 414.487943 533.915579 316.747794 662.805687 384.648631 541.618224 504.853432 90.664163 461.241819 658.883305 135.925638 512.123870 459.377431 266.547564 591.212154 351.499437 472.300356 314.452833 395.685004 463.806164 413.660519 428.975238 240.493906 413.799177 555.097381 324.205631 688.606695 244.020355 592.898400 335.475159 359.861509 465.690222 369.631062 345.574078 340.744591 406.122974 178.598531 518.276331 399.398399 518.155015 313.157496 387.707966 343.670758 599.344902 420.082196 401.870345 427.696135 203.036792 453.252692 307.805513 36.659532 239.146487 340.355728 372.664609 96.048813 103.416404 201.702654 612.872417 307.540570 626.288982 616.846695 439.279028 667.170588 86.510229 771.486732 487.749111 415.079692 681.795504 494.869998 504.557604 173.991401 44.745365 
508.043728 419.367436 539.696635 323.006331 666.120824 392.674679 540.896069 511.038697 82.649718 469.173141 661.852997 136.738114 519.893056 467.291716 267.519837 595.083217 354.698643 478.395445 315.871425 401.785727 470.544127 420.898315 436.435108 241.927013 411.516202 555.291044 326.270174 693.694505 244.294954 599.163842 338.361085 356.456403 472.576426 372.268301 351.146480 337.024110 413.347205 183.656980 522.844363 406.789475 522.341730 320.517245 388.459689 350.971804 602.743096 426.010373 409.253878 425.558098 210.785058 458.257966 315.546020 28.795254 246.832069 345.071727 380.516220 89.314844 95.615457 209.372928 619.303295 315.367875 628.443944 621.483801 438.583359 667.801213 81.717273 777.954388 495.570902 413.832017 682.219858 494.800104 509.161443 182.049416 51.553499 8.058054 
127.423355 246.515620 264.279969 375.380785 66.766919 633.988335 264.888564 305.495980 640.865962 550.148050 48.577605 483.095446 522.091498 544.459056 359.493391 89.881490 261.794666 301.813451 308.778704 326.843805 364.729341 423.594824 452.015726 378.729565 376.385088 201.572500 291.750338 225.937483 389.880483 320.086955 276.882437 442.989519 380.729802 243.047795 324.765530 461.105553 422.598046 445.710520 167.446960 443.004120 142.406932 452.595011 259.334274 439.999241 49.833093 304.697262 441.937433 365.879062 518.666583 228.817071 496.057717 632.104583 502.565575 297.688310 513.886988 599.905540 631.763408 512.604140 344.664490 509.043162 54.610063 158.201436 287.121718 185.104375 572.222976 423.325589 527.517977 323.758635 207.047062 232.551746 176.353585 575.820317 576.243715 612.347295 615.155586 
401.781972 359.178172 498.123023 329.812306 539.417008 523.600843 341.407255 487.890154 190.309201 551.813269 526.661571 114.449442 582.217949 548.020660 131.270752 487.033862 254.289329 454.837704 176.186518 388.105506 475.429970 456.439855 483.262231 129.968045 199.679349 368.166908 200.935081 617.608151 100.223427 572.386130 232.615878 143.562060 484.309566 252.969156 326.493425 126.134852 449.049792 203.586695 440.943482 452.746217 428.745113 377.337378 220.995581 399.490323 481.291090 402.176640 454.469567 214.451935 314.428919 397.196611 397.060724 212.158050 337.605965 292.695600 462.707859 148.439062 174.966573 308.708293 598.294660 403.812425 475.717834 534.673357 241.968845 484.950906 135.378035 750.700475 564.457839 210.898379 495.875990 305.441672 429.623381 326.731881 212.185381 216.769229 213.723312 478.088123 
355.264551 307.289043 186.008657 327.888101 412.855195 382.586006 650.006865 169.869876 710.616136 246.701643 439.849207 571.448522 181.069346 243.381937 528.253081 346.860314 418.927929 199.261185 503.305475 261.131859 175.729807 221.803093 213.725804 520.605743 681.453849 599.051410 475.503766 259.341262 554.090452 116.812852 438.175597 710.338397 170.231194 439.503426 322.719000 715.278070 229.079527 475.148448 290.331826 239.316692 319.437411 323.060752 528.523621 292.043799 386.910082 248.422779 236.691267 679.978715 438.432129 280.157673 340.561071 669.171370 402.291154 359.413597 293.869437 685.974199 713.391722 437.677224 92.671449 346.549636 491.130852 283.932445 610.664639 620.350415 654.324307 167.129894 205.955367 631.269293 642.705214 593.467667 290.300256 488.951383 589.702052 634.182088 641.242765 436.741707 649.200140 
301.844276 228.244904 362.750498 179.481761 457.797376 392.837732 362.700606 346.038304 242.996237 405.145090 452.832748 81.864965 432.510681 401.065071 78.310051 389.566623 146.541978 312.431846 115.074822 241.614653 327.195226 306.013637 333.111676 48.957370 272.939929 363.372293 119.274333 500.547221 77.430765 433.051351 129.350913 255.193363 335.271519 163.185836 180.650645 248.605705 298.640307 70.834474 324.551376 302.756780 319.823765 230.277937 193.240172 250.481975 394.757741 258.569025 304.418389 282.133096 190.353850 267.967597 254.970393 226.750898 203.928066 154.958099 317.991613 206.184948 237.911913 183.592486 457.541715 263.417206 420.321961 422.939817 263.964701 469.785607 175.118817 613.507837 415.539483 251.650403 486.237651 307.725093 311.532941 223.717828 172.621120 206.447002 209.124642 406.035160 150.444434 502.237102 
169.660465 59.254075 121.063277 102.168809 314.649578 338.826846 424.219226 99.594031 475.598326 264.734579 326.383748 322.771593 253.996230 259.091658 265.326793 228.690866 159.309146 66.179901 241.416090 31.825103 100.924761 133.884401 165.322082 259.085879 425.982305 386.383833 214.059231 281.543392 291.818748 186.705700 176.999474 448.743365 115.261446 184.386105 68.347580 452.746957 131.245868 236.760253 137.030755 150.424063 154.886050 162.933040 276.659220 146.009232 256.756846 15.928904 149.748947 426.482877 254.310377 66.662447 205.193731 443.846020 228.074667 96.629888 218.852669 444.595777 474.666584 249.931447 211.006126 217.893185 338.050637 222.826222 364.389781 446.224248 412.508952 367.464947 250.840775 379.084623 468.256895 362.634654 124.356289 314.299125 368.933409 412.923202 418.663457 295.170839 388.736528 263.042528 246.545737 
383.673650 321.059916 457.035056 270.301053 532.954723 449.891585 380.477922 440.875382 165.216161 482.786524 524.269452 40.404113 516.636655 479.225129 116.922738 471.248465 228.501360 407.263320 167.712323 335.955475 420.474991 394.134566 419.222152 99.004010 255.621920 396.547692 185.185460 590.383440 88.424902 527.844599 208.227853 211.623615 427.830229 236.617980 275.300193 197.055707 386.569775 133.653511 413.296718 388.351036 405.653714 309.533409 233.146437 333.559086 471.613598 353.369304 390.243489 268.746723 240.705526 360.550023 326.315844 167.372488 264.980794 248.990307 392.803369 123.782353 155.638714 235.110779 552.380755 332.411785 482.223216 510.588666 278.180518 510.605236 97.425126 708.212054 497.605928 253.797626 524.132595 335.344407 400.795395 253.008010 146.622379 161.359497 160.426897 476.134104 74.129098 595.954660 94.839160 341.382755 
553.164444 491.286935 625.581789 426.486310 698.215522 544.408105 498.798506 606.265556 76.753518 609.246013 687.174204 184.870434 653.752805 606.702928 281.605627 640.301142 398.983481 572.586894 331.265519 498.649853 578.856722 541.826705 562.552380 268.719297 346.552354 530.172048 352.353516 761.479988 250.105513 694.219781 378.299482 273.776066 584.191974 404.683707 439.949312 249.835274 534.119221 279.202353 584.372304 531.726980 576.286414 446.822126 384.023111 475.070747 638.294661 518.456193 533.955336 362.432685 349.554909 530.932872 451.363531 131.982300 382.948500 418.139463 518.597261 73.094667 60.075040 346.407532 717.718370 453.675165 638.671674 681.485262 402.543952 647.201342 101.897902 875.040428 631.395551 368.878731 657.240051 467.454424 571.891331 332.387875 192.874361 162.714235 155.079617 638.641557 163.759340 754.277206 263.216671 507.592952 171.096570 
188.802890 179.292344 43.588933 263.332691 247.051598 439.816436 484.131304 83.044001 639.435163 324.705348 271.871463 484.108269 279.326267 319.442448 408.678936 175.354607 287.680064 109.300628 373.028525 183.832521 150.250921 224.711410 241.157256 409.158268 533.449746 430.404294 345.050713 133.218245 438.480789 55.428076 309.101775 573.375462 161.357383 299.917525 232.624393 582.236159 228.083305 401.223783 123.835000 248.104479 151.610756 303.152367 380.685048 276.669445 215.353654 157.892412 245.932683 529.713605 409.895149 141.439798 338.496348 608.480204 379.241897 250.155593 323.354069 607.317386 637.850555 406.465470 82.133898 349.338755 319.307615 118.532481 455.563339 448.205236 575.312509 213.343092 292.436776 480.670332 470.584059 430.398725 127.425886 468.838595 533.411661 577.503270 583.285431 265.116447 538.383980 172.181637 405.077364 164.644280 499.068134 668.140143 
419.198657 412.350743 548.767242 418.922738 529.074705 640.313111 263.021740 549.151945 300.117839 653.985834 509.917204 238.406900 676.200765 649.684429 194.107617 495.168169 299.810159 518.336422 214.390262 462.267085 551.075747 546.115945 575.705422 211.157216 104.236184 307.423971 242.415296 640.051871 176.211614 626.564441 279.705594 25.440984 562.438641 284.554872 402.522065 2.236230 539.243067 315.524841 471.644240 546.547649 452.590925 479.656084 213.068730 497.559976 479.335109 470.102085 547.900129 120.039551 432.610106 445.420737 505.421656 332.413088 451.733352 359.943388 568.091173 262.266022 282.277289 426.413432 654.218611 513.707539 446.267634 554.703645 182.674540 421.728723 256.800837 797.098625 661.463320 144.422428 427.658370 248.380408 462.963470 450.736242 339.300996 341.479360 337.714290 463.090851 127.181099 717.489489 250.463035 454.947969 198.356122 249.544030 584.471933 
344.739569 342.084854 202.899959 405.331594 347.464968 509.486252 634.300677 218.824841 790.365695 375.351175 377.790647 639.856844 311.476866 371.584713 572.187725 304.079474 452.058216 252.393770 537.576811 327.934161 260.752182 325.454671 326.504400 571.152059 695.866605 576.356150 509.550578 171.974679 601.473332 130.509728 473.366170 737.776719 262.659578 464.566840 384.860461 746.874246 331.637716 550.860193 282.720390 346.635096 307.440933 422.530997 543.918043 392.182194 341.428383 306.445452 344.021150 691.383033 537.271673 305.447957 448.147905 754.745789 502.796772 409.653081 411.298353 760.920176 790.477640 535.268544 108.816304 456.214893 442.461793 231.711934 615.569230 572.582862 728.824385 50.334927 335.126805 642.478501 593.820434 584.741738 288.922339 592.448199 676.979957 721.685082 728.106606 388.846301 700.920699 131.955824 563.248747 317.141055 657.975517 824.709363 164.684676 749.109713 
355.503696 457.989926 518.805384 566.775382 305.472073 840.382111 166.696646 554.227001 697.138017 780.896881 274.412208 567.836638 764.207689 775.249664 440.248078 352.165364 409.629853 542.853647 398.915689 544.722171 604.047355 650.023151 681.419775 469.037606 322.961496 150.546518 400.839178 482.391432 459.296764 581.042902 411.531706 401.429296 620.270267 378.086598 519.183542 425.773894 647.098754 576.509858 414.648276 665.457611 385.700399 649.978520 320.576701 646.767589 312.451226 529.532705 665.045065 306.995750 680.738008 457.141197 692.175863 709.871420 676.709159 476.911128 727.121084 654.628128 682.412641 673.837004 606.515732 704.856909 208.588970 421.129625 266.222782 77.975432 635.975574 681.937860 764.952518 297.064370 56.492134 208.165604 419.199889 728.455309 679.345725 702.913158 702.726317 263.076139 507.565428 697.842480 513.814497 516.166311 542.862320 665.486785 525.662972 426.839163 650.289204 
382.317922 308.645224 440.999089 243.666223 536.431733 410.667304 407.600948 421.170644 161.747087 447.495730 530.002499 0.660181 483.838870 444.118912 130.147151 470.134560 226.458677 387.489360 178.934157 313.850263 395.603024 364.200257 387.877982 105.237924 290.501284 418.785470 191.259491 581.776346 107.881554 509.117676 207.949290 250.418455 401.852708 239.825257 254.847941 236.551405 356.550300 100.142486 405.967238 356.887795 401.110294 275.803198 251.149475 301.211470 473.887143 333.358162 358.898215 302.930171 201.590040 348.417586 289.995944 150.397145 227.064265 234.506587 357.010364 124.873569 156.506172 196.164911 532.647357 295.492582 492.975388 504.372518 305.424593 530.596078 93.686076 689.944893 463.923852 284.078188 545.269444 359.015862 392.917111 213.114439 113.817808 136.574746 137.379044 482.529150 114.024152 571.322311 81.432741 322.519408 39.955077 185.106497 483.806118 237.900706 639.612382 567.177622 
307.742534 406.784868 473.741102 513.697328 275.775509 787.413356 123.445132 507.309264 648.884046 729.998964 244.839527 516.491894 715.018533 724.370785 388.089430 312.550476 355.991704 494.450848 345.947181 493.409739 554.987930 599.041916 630.655822 416.653987 282.237554 97.625846 347.342018 450.081370 407.998993 538.683861 357.802589 361.265031 571.166741 324.395931 466.427889 385.224935 595.927591 523.140272 368.745598 614.018833 339.525458 596.923523 267.811401 594.199847 273.723378 479.002852 613.670260 266.548919 627.016255 407.651469 638.983449 659.852631 623.021234 423.727482 674.756643 606.234494 634.595982 620.116993 564.856762 651.631077 172.901264 383.500697 218.236613 52.498321 586.653736 648.707112 714.990867 251.223497 45.081586 157.231570 372.374237 674.858903 627.481742 651.929575 651.948180 225.804326 460.205411 655.222377 460.957894 465.334093 492.574137 620.042989 483.267463 386.457355 614.635336 53.729194 515.834306 
303.523985 286.469496 423.693815 298.518907 430.674307 538.195214 237.192506 423.019528 298.291975 537.568064 416.063991 173.124179 555.240072 532.975222 74.723027 384.970922 174.031238 392.136921 88.321234 336.992763 425.648442 424.323131 454.780011 99.596297 125.836833 256.731121 116.435897 523.822669 71.272826 501.184240 153.637191 120.906259 437.370774 161.234878 278.073418 123.986905 417.711779 217.809734 351.135987 426.499955 334.478197 365.613077 108.480870 380.397904 374.978276 344.087882 427.666709 135.548215 337.475804 320.299008 395.869238 309.493234 349.932550 234.355631 454.918240 255.545048 284.746170 330.719038 528.670641 405.486326 362.445234 439.043463 134.969125 372.770873 235.527837 673.511724 542.009345 111.615510 384.766601 194.442961 341.513120 368.009857 286.256295 304.610320 303.749550 367.632531 114.160249 591.293336 147.126577 328.859830 143.323951 277.918302 460.363055 126.200412 625.030009 400.533885 172.472259 351.161377 
319.664558 313.180356 173.998920 376.172731 332.447895 487.213562 611.227752 189.439461 761.041934 354.423493 362.205481 610.437768 292.106053 350.420843 543.312935 283.669882 423.539900 222.992330 509.161086 298.610962 232.587600 298.617902 301.062545 542.018161 669.288267 554.163432 481.098485 160.817030 572.480719 101.092504 444.778946 710.113217 235.107325 436.597678 355.443110 718.910167 304.623338 521.527804 256.726922 320.167076 282.226194 394.766875 516.944338 364.592489 321.930161 277.034221 317.570454 665.097502 509.185780 276.862943 421.283757 725.609107 474.936967 380.371522 386.334066 731.524346 761.104933 507.072673 79.942668 429.634051 424.338189 212.140326 589.825690 554.850902 699.427916 79.753671 314.714439 616.124325 576.387149 560.569811 262.315972 564.755664 647.954224 692.645097 699.034901 370.221143 671.833191 116.841979 533.869210 287.725923 628.608347 795.290743 136.739297 721.146188 29.419169 632.751079 610.193393 595.634606 596.778620 
526.756142 412.795040 492.655355 284.284709 686.684717 208.818325 655.985445 451.176246 281.264652 317.310220 691.579083 269.690773 379.870900 317.361232 371.672909 604.001614 401.263731 424.699989 405.531799 356.172969 391.321215 322.268143 323.419042 342.003349 557.744483 652.263492 401.722852 661.701009 363.314205 530.456993 394.381013 520.530927 386.439127 429.824309 331.842355 505.748955 316.309490 226.570378 516.303783 301.068655 526.909585 230.423416 483.929368 258.473505 624.046646 383.844591 303.693302 569.022513 132.861525 443.765485 199.615034 224.694080 156.071853 353.343270 244.160718 288.583498 295.959376 138.627819 543.015908 191.490183 679.654619 606.855807 557.567877 751.750299 272.521480 694.039637 352.622604 543.505581 770.076527 599.553248 502.569749 75.673944 173.704414 193.351759 200.803280 651.027470 380.387650 536.597449 293.634903 384.085140 308.963137 355.778161 533.405569 506.968732 647.636658 802.561457 270.249451 749.053643 434.223315 620.883214 
403.334070 303.610751 416.548312 197.764857 564.410071 302.004959 495.225521 385.898779 197.965922 355.274649 564.083939 112.153224 400.643047 352.694090 209.767967 487.881336 259.193207 353.675967 247.250126 277.139874 344.060454 295.542315 312.776285 180.071480 394.997675 495.623695 247.576872 574.975396 200.186321 473.677958 247.626575 361.547287 346.120374 283.546071 230.041090 348.682301 287.925891 74.188685 409.201924 282.559395 412.438887 196.326984 325.718848 226.172117 500.590070 302.227108 284.951341 406.049880 96.638521 341.074024 197.399313 154.133937 128.955524 231.880543 264.580466 181.141604 203.769271 92.842103 493.306706 199.721863 540.849619 506.709037 395.624030 600.013615 152.948477 651.855288 377.734555 380.528280 617.140195 440.488800 395.272740 100.643341 75.021122 119.761692 126.496996 519.691484 226.494609 515.064380 132.777606 296.038973 152.555865 254.016881 460.070006 350.092987 602.122438 646.154600 112.610936 593.101921 271.096269 573.138067 163.138843 
262.723943 149.027855 175.833221 84.297261 403.847335 246.835470 506.054312 132.445528 462.879890 176.241077 417.389838 326.577986 178.838121 170.759245 306.113638 317.667986 225.680571 108.190747 296.026439 62.431035 76.652102 47.921228 80.186956 291.386398 487.869534 472.916766 271.759263 345.756524 326.491082 213.451959 238.062578 498.243590 77.910836 255.829290 102.367305 498.111834 42.576800 228.405035 225.821187 58.772804 246.372952 88.421115 346.902129 61.828452 347.954406 83.184906 58.584031 490.757598 200.405347 158.930698 124.041419 422.325527 167.013632 150.263964 126.204083 438.479839 465.660602 198.122945 229.254326 135.522461 431.121939 301.156602 436.689513 538.103790 406.969406 386.204324 169.279557 445.834226 559.972561 443.654815 214.203631 257.217370 343.209073 387.889620 394.738831 387.743428 414.030296 247.766427 263.761750 93.076827 354.279907 507.510088 215.112883 500.213459 337.301493 606.819790 326.509148 555.299182 377.583726 308.988154 318.820799 268.259958 
342.264268 319.167917 457.537883 318.821739 470.411124 545.472083 263.972688 454.352609 267.551504 554.347962 455.642657 158.889447 576.092085 549.988419 94.475498 424.351793 207.648439 422.729968 122.225144 363.872839 452.733786 446.079149 475.601321 111.303657 132.380552 289.490185 150.150200 562.097639 76.740413 534.442278 186.499806 102.259497 463.685495 197.885264 303.521872 98.063507 439.181506 221.000674 388.365359 446.440435 372.566312 380.374373 147.959710 397.695307 414.704175 373.078480 447.789898 145.332053 340.183596 354.334342 407.456770 284.062074 356.479374 262.270603 469.146656 225.119536 252.889228 333.691491 561.597492 416.208158 401.183392 477.545478 163.592475 406.303989 208.208083 708.534043 561.399846 134.040642 417.205717 226.762503 378.347648 364.701516 269.917809 283.151715 281.390782 407.245970 78.679449 621.284058 152.994980 358.254918 123.415825 241.545866 495.200840 100.111139 659.683185 429.602995 158.277132 381.769896 39.758824 631.188149 426.958525 265.143732 400.336285 
302.288060 236.270728 372.840408 197.174641 455.605668 414.084041 346.037333 358.436280 241.716937 425.476320 449.221503 81.392332 451.730751 421.335952 60.413887 390.111905 146.339870 324.993359 102.543706 256.002281 342.717399 324.349589 351.996283 30.767113 252.296997 349.341385 111.292393 505.920136 56.264056 444.639703 127.306199 233.975039 351.377238 159.002063 194.544493 227.621816 317.057690 91.363936 329.054165 321.838959 322.464240 250.701854 179.259727 270.250670 393.142359 271.537600 323.437798 261.762909 211.107858 275.713798 276.022702 230.420415 225.156701 164.860367 338.720004 203.007650 235.046488 204.390103 469.678992 284.564154 413.475151 426.794336 246.266799 457.673965 173.037082 624.580087 435.194697 232.435708 473.548161 292.393188 316.392653 242.837766 182.399728 213.078515 215.012332 401.842212 133.002823 517.086464 21.260994 258.850513 84.862383 255.733215 414.611575 229.497074 574.428744 499.470294 80.845637 446.961274 126.463572 545.114601 311.570532 149.373235 281.247337 131.756578 
400.758717 298.993613 262.750661 232.689177 518.896331 178.642006 662.277471 215.594040 566.203484 43.664331 538.375430 454.465539 31.890488 39.701208 457.919546 435.906715 383.772793 215.590884 452.410033 214.652500 152.675568 110.252069 77.933558 439.862510 644.753925 626.110041 428.983905 412.533335 474.996958 250.202835 395.933096 650.900534 136.638606 413.760434 260.257828 648.855454 115.683964 354.752400 349.927986 104.708811 376.069163 178.752742 504.996254 155.003541 471.952097 225.412192 103.602975 648.126394 277.539505 297.128574 172.916110 517.078065 241.895551 308.284969 108.740078 550.499420 573.162029 279.323049 247.715411 173.117674 566.086256 397.750507 594.769684 682.185846 521.247797 370.825828 11.211551 603.658942 704.528058 600.129583 341.669161 315.484550 438.708532 480.497374 488.284090 517.368397 554.484007 203.948294 405.354663 239.761971 487.966658 623.016269 284.317088 650.885666 331.883626 754.110679 454.555768 704.076406 531.203454 310.785610 348.649470 369.596886 158.095337 550.805180 424.920198 
251.003923 323.063355 419.491028 412.063212 290.603475 684.371914 44.587381 443.564333 522.784282 641.727047 264.539750 390.513820 636.076045 636.267707 263.328313 290.999638 248.974365 423.927966 223.982300 406.295959 479.468679 511.954918 544.383170 292.378638 170.776673 35.217418 229.347212 442.513553 281.973399 493.065243 246.139865 248.046251 495.058524 216.541089 368.813380 270.683342 507.721022 402.831619 316.272511 523.848090 287.961877 494.503204 145.478670 496.192073 260.195024 397.225464 523.913902 156.681149 511.630610 334.585274 534.750783 533.302815 511.232390 322.552832 577.478118 480.084409 508.759146 504.649758 521.073938 546.934272 190.857445 362.819971 93.899163 151.478594 460.164007 631.022489 632.071057 129.904988 161.010191 30.839460 315.260267 556.348930 502.099930 525.687707 525.595671 225.440041 334.938042 605.498910 338.085340 382.080379 366.047583 496.292649 439.558921 272.209535 590.228795 177.326230 389.854898 126.555687 224.745499 566.971740 629.399717 470.807515 465.522185 256.292929 322.974948 620.902262 
321.061091 332.774066 463.201972 367.579668 422.936804 616.727287 171.326836 470.097359 361.404749 608.499140 403.297286 252.047299 621.097064 603.676080 152.453834 392.747547 223.102976 441.632082 146.449056 395.504387 482.396153 489.919700 521.380061 179.765416 46.423874 206.094082 170.820337 540.467272 153.039229 541.524454 206.407909 86.370640 495.447572 200.454417 340.337207 104.919087 483.770232 298.961157 377.729369 494.482868 356.187109 439.597707 115.396288 451.823643 374.733211 398.210297 495.408744 53.998165 418.358732 361.401599 472.178853 380.195649 429.390953 293.575542 528.782398 319.453690 345.872762 411.545128 569.750050 482.349741 339.540885 455.183856 78.093561 322.607065 304.063566 705.878096 609.870118 41.525389 330.988478 144.711877 370.480581 449.772210 364.524755 379.298652 377.636462 356.721202 171.097230 639.957823 228.136143 382.411007 218.776984 327.610389 495.700798 106.810728 659.218934 338.004785 251.409458 292.644021 81.772934 632.129454 515.808402 352.723207 442.277623 96.290561 207.792243 598.859088 171.192299 
498.853192 402.566513 515.845242 296.386990 659.073600 345.336925 558.255185 484.154656 130.383548 425.831488 657.037028 150.082273 478.633920 424.204558 276.961272 584.555484 349.683418 452.316718 322.190924 375.964708 439.274987 385.325030 398.660284 249.048551 437.536736 567.487144 328.615350 674.579051 257.978600 571.442590 335.486330 388.193527 440.031641 370.702177 329.686768 370.313917 377.923855 168.444230 507.799260 369.776779 509.913337 284.134515 398.137373 315.032696 595.308620 401.425289 372.308865 450.790036 170.768025 440.378575 275.035957 74.624864 207.321205 329.901865 338.424819 135.326744 143.631318 170.356370 590.230171 273.758539 628.817269 605.683332 456.138085 677.212331 121.864189 748.369379 453.696565 434.463838 692.797427 508.676806 493.914810 136.034198 37.429607 40.254083 48.020573 611.477650 244.653039 606.860756 209.342835 395.550342 182.059014 202.960314 559.316901 371.208116 698.947282 716.754506 150.740312 664.908468 322.966220 670.165938 153.366845 99.647696 362.768380 305.467807 219.647218 446.851561 539.496719 400.610210 
226.935702 175.884514 315.073633 179.831690 378.526798 433.898219 294.142062 308.427128 318.269462 420.510831 372.015099 158.593950 435.405310 415.725899 54.427334 314.571840 72.227234 276.333705 44.544147 217.225349 306.062162 304.294839 335.103248 58.138415 234.428663 287.066446 37.293780 436.192409 83.801493 390.555976 51.499391 241.356392 317.387453 81.787565 157.683633 242.895678 297.809258 139.090522 258.908347 307.387002 249.493955 252.167508 119.776544 263.749591 316.274634 226.130542 308.436922 239.600628 247.899668 213.380665 286.574773 307.426314 251.216768 115.283119 341.105191 278.712547 310.797495 240.896997 417.141349 297.409692 337.618445 354.965972 202.053892 389.715183 249.469854 567.515011 422.949574 199.623016 406.940406 235.397525 247.017020 291.687821 255.375775 288.785576 291.155816 324.698450 183.952660 474.448331 82.784164 211.412241 156.748774 326.853339 354.733493 245.059969 517.969347 437.462693 158.042273 384.060094 120.472281 489.047923 365.215954 210.298503 257.300711 146.988287 77.214612 412.037618 264.717896 188.074351 291.979204 
586.943347 538.930198 676.502788 488.733892 722.416552 624.190040 488.942670 661.614897 158.217164 683.707503 708.191704 245.177181 725.302868 680.893567 315.560746 672.068712 438.031887 628.027443 361.347630 556.615033 640.221339 608.888482 631.511553 309.679267 330.769073 528.789358 385.888573 802.068634 283.910484 748.317372 416.503962 252.420382 646.880869 438.066195 496.106936 227.979819 601.209745 344.362116 625.033485 600.523042 613.618147 517.210078 400.553428 544.231933 665.400908 574.173269 602.632065 346.713936 425.603451 577.865876 525.218758 213.950384 457.690816 468.642172 592.759160 151.891482 142.071624 421.956536 773.073008 528.434654 653.038910 719.553955 400.672885 645.030429 176.498725 928.377906 703.919413 363.905235 652.444552 467.246863 613.386250 412.244932 272.678777 244.508944 236.950117 659.750084 185.162463 815.918751 315.607410 562.069762 220.816942 82.020432 717.955650 226.980164 878.218194 653.702047 245.245371 612.283381 292.127954 848.894094 437.724476 329.114479 571.754390 252.605189 303.798359 695.119363 493.809452 322.711372 284.714928 366.487687 
523.239036 407.036193 415.968711 294.750492 662.070222 29.781607 743.164478 367.356184 504.890951 129.894685 677.167385 439.462259 195.472779 133.746423 490.966813 576.221117 457.563271 356.313450 503.381628 322.306470 298.173253 228.067501 205.051879 465.584824 689.097478 719.298109 486.830602 577.159648 497.522092 418.324627 462.248521 675.056903 284.894281 489.984746 341.004298 666.757904 227.671808 352.962232 485.046881 206.724302 506.821371 212.002071 571.792854 213.510395 608.019091 343.811323 208.119683 696.246943 238.220373 419.691952 172.927311 449.447377 216.791048 384.833139 134.878786 502.134561 516.779485 243.807046 418.931334 161.611641 691.535355 550.487930 659.425635 794.562626 478.700892 543.343299 170.335586 658.450662 815.959945 681.007467 474.062333 241.789802 381.401475 414.226800 422.246311 648.491009 552.495213 376.213606 420.254829 353.647119 478.903065 574.148678 445.087114 668.475052 505.245730 860.139138 439.793770 807.432075 564.969995 484.156432 236.470261 331.544852 260.765824 573.096311 441.514902 173.423949 706.505152 642.956124 374.830132 458.943304 653.965219 
419.968514 365.246320 502.571380 319.617588 564.078947 493.637981 383.003383 488.087567 148.680060 531.128244 553.257003 84.398632 565.854807 527.658999 147.702168 506.770085 267.206721 454.567177 197.128049 384.206820 469.347517 443.620436 468.639993 137.199980 244.122964 406.680595 218.637650 631.150947 116.053814 574.506233 246.081856 187.566136 476.927651 271.088554 323.202147 169.020908 436.054545 182.374979 453.841578 437.751085 444.257232 358.444526 252.335586 382.816186 504.192437 400.884961 439.656055 258.737595 284.986417 404.362612 373.993190 167.563958 311.185436 294.704667 440.842871 106.124879 134.655526 279.763937 599.440213 379.625911 506.209443 549.909729 282.326717 522.882147 90.814542 754.455834 546.596940 252.909858 534.687881 344.190660 441.778200 291.312259 170.130987 172.333717 169.124092 504.757492 44.725803 644.657670 142.596154 388.497283 49.486366 134.145472 544.110665 169.887954 704.312758 548.504477 84.166157 500.220149 150.116119 675.000905 340.941247 192.704414 403.670354 119.031107 129.886671 537.032835 374.206458 213.986574 201.335505 195.023883 173.942767 522.933988 
173.506873 203.632593 322.836073 277.848121 286.699205 549.059567 171.763449 336.291310 427.816340 511.946695 271.771157 278.527506 511.872299 506.614834 147.944397 246.916781 114.306378 311.323100 99.660596 280.489117 360.592616 384.129209 416.636928 173.475595 181.679123 154.175115 97.026679 393.044141 174.699752 400.696442 110.440973 231.707213 375.304491 82.139775 236.918937 246.119224 379.265902 273.048265 231.663635 394.058152 209.013342 359.663319 36.342553 362.828401 232.725410 275.899278 394.356069 177.451025 377.531938 225.018256 399.418832 427.529357 375.868408 189.497105 443.980373 385.612984 416.753276 370.586135 429.144485 411.508701 220.792648 307.707297 105.850527 256.218854 360.539823 560.047040 505.400904 128.417540 273.033835 109.431521 225.434404 424.462693 384.544829 413.892964 415.141860 223.328971 255.745084 504.981448 213.601437 260.101968 263.116901 418.070760 352.263841 248.256686 514.215733 303.993532 277.895837 250.422089 144.303566 487.750223 498.648673 344.112092 336.707780 183.936705 202.146357 494.189354 135.700814 147.609336 421.764398 134.036407 436.425095 571.584163 285.419253 
115.601486 184.738509 129.201411 307.094466 129.007322 531.539706 390.423284 176.606711 645.848152 429.287278 152.980272 484.851790 391.241473 423.751939 383.584111 60.092936 262.362539 184.969919 338.636946 237.291225 244.013031 313.378497 336.795283 392.677319 466.938275 331.570840 313.251509 105.364436 415.350225 172.579219 283.427667 519.421686 258.585310 261.419768 262.359261 532.539179 314.529198 419.683664 79.460082 335.592868 85.455082 369.187853 321.995356 348.702726 99.509546 210.157954 333.922396 460.227135 459.945271 148.703064 410.118118 624.310592 435.294699 257.537135 411.019927 608.967888 640.817319 455.106308 196.106174 422.406014 203.694063 20.489103 381.650141 334.033285 578.097660 284.304401 401.043943 412.496791 356.081805 343.689735 93.234637 519.909321 556.153505 597.735554 602.293584 149.084516 514.185718 288.578955 402.988160 207.539908 490.326611 661.179848 118.914707 534.724349 244.973442 411.960769 484.415712 372.643334 418.701408 223.888931 591.060871 488.313028 288.731085 457.153698 406.632896 391.881144 346.772141 435.630670 587.087247 334.589738 699.073229 541.127576 529.505402 288.071139 
327.339852 216.962371 318.830814 98.785047 488.154076 257.549499 475.137991 286.139085 295.460957 275.957252 491.848310 171.901118 312.371443 272.428974 207.205979 407.118234 203.665774 254.443357 225.829441 178.354167 243.396518 198.120102 218.586890 181.127529 405.472265 462.715963 214.685965 481.168621 213.041163 373.498503 199.843627 391.173818 245.822981 233.947205 137.848090 384.062772 190.421026 73.302826 322.602922 187.692675 330.157913 104.091591 300.529616 131.118055 425.004994 204.420335 189.896225 413.332103 69.987622 251.469316 120.475141 254.522908 70.032893 153.167754 186.113275 273.186749 299.095801 63.322805 392.732825 127.990225 479.364561 417.504765 383.490057 556.130543 242.402352 551.203172 291.986060 378.026504 575.333337 415.180579 308.648303 125.117185 175.749415 220.493889 227.166598 450.704244 276.728360 415.353859 135.992477 199.884429 206.834179 344.090865 362.117715 385.869073 501.537398 611.369050 172.014815 557.639929 280.654658 472.611561 200.482335 100.736842 167.912162 288.987384 157.235505 282.731863 443.531801 359.636856 198.020428 181.687181 413.310066 284.552526 255.253926 308.768685 400.166841 
184.852837 228.454546 341.862650 307.444872 281.853872 579.007653 142.267819 358.305092 447.150667 540.402136 264.106577 301.746752 538.848916 535.033721 171.034476 250.950884 143.951337 334.709755 125.245001 307.576637 385.898372 411.961110 444.478993 198.037312 170.369698 124.878242 125.755745 400.446267 195.535189 419.022088 140.502178 228.720398 400.887249 111.619206 265.770008 245.519667 407.268301 301.394180 246.382306 422.445724 221.693775 389.465030 50.507331 392.205513 232.206912 301.653464 422.679305 163.762424 407.169665 246.972291 429.366973 449.669613 405.846069 218.661050 473.418510 404.629121 435.276031 400.212758 447.485582 441.484608 206.859637 315.611299 86.719734 230.170952 380.791963 573.639967 533.025120 115.893617 246.105818 79.759437 241.555795 453.519955 409.694705 437.577959 438.475751 216.449090 269.550959 525.789040 240.194031 285.992006 283.649257 433.076313 368.975383 247.561418 528.878573 275.149941 301.103806 221.746370 155.765788 503.105963 527.437393 371.684564 364.765314 194.326972 227.542270 521.816672 105.639900 142.541730 447.041442 162.320245 446.355396 601.426349 302.209725 30.061333 296.625013 338.575363 
197.405011 136.660260 45.841694 189.364962 300.511082 362.887396 485.711680 2.840833 572.559421 255.536955 320.621898 421.913103 219.941803 250.012907 362.420220 218.362457 248.931168 34.254232 334.088142 110.455192 72.077331 145.562926 165.080709 357.930684 510.471425 438.853078 306.070590 212.994262 389.981517 87.707707 268.769152 540.443136 85.473628 268.599199 166.834684 546.251494 148.376785 333.050467 137.628980 168.821147 166.181450 222.823220 357.628860 195.982484 255.631835 88.342584 166.771005 509.097451 331.425666 109.853579 257.758520 538.260900 299.852284 195.131483 244.588871 542.787959 572.418667 328.328245 111.224394 268.608312 353.945573 181.073988 440.669108 476.586003 510.691095 268.461808 227.845732 460.464367 499.174196 427.169191 132.629364 389.803724 461.472497 505.996359 512.155068 302.804855 487.820390 170.988301 346.318121 99.794694 441.157263 606.783282 80.740504 548.474745 218.139884 551.782430 421.679752 504.939487 422.368155 188.738098 453.224710 387.124821 134.563401 453.856025 358.576799 218.425505 441.617801 469.038658 485.476356 308.067095 661.863140 370.130546 488.278093 334.835672 173.765878 287.474614 356.707357 
160.173788 279.029185 299.586805 406.797674 79.434438 667.760928 251.145729 340.978896 658.194195 585.319012 50.295711 502.446624 557.569938 579.627397 376.093530 124.116739 285.648060 337.161312 325.320687 360.653453 400.081435 458.377740 487.019503 397.114564 374.505677 187.276493 310.605833 251.983755 405.586018 354.175966 299.167120 444.554427 416.102901 264.251775 356.093319 463.909376 457.253697 470.535743 202.812927 477.565114 177.381794 485.080212 269.267106 473.303863 84.260657 339.012056 476.540518 362.891045 547.816124 263.017158 528.602365 652.054786 532.933584 326.799227 547.938937 616.675989 648.302134 541.623629 378.306254 541.607672 26.160500 189.777215 285.909425 154.201892 589.879047 450.986877 562.912637 323.588344 175.541193 226.608021 211.492045 604.252989 598.876797 633.726198 636.187392 35.487293 490.007022 470.632504 427.318585 329.097752 493.014987 652.188630 299.448587 465.810380 418.382034 231.959397 501.860866 198.164764 377.609232 400.863481 679.699872 544.703669 421.906233 416.776889 421.681064 552.739207 214.985550 359.000530 634.641268 345.037293 669.208468 682.666303 518.996053 234.284169 182.257943 479.217953 223.009941 338.286056 
297.338587 298.926228 432.029051 328.513393 410.988377 577.310662 192.062184 436.491581 340.396254 569.312423 393.686345 219.737860 582.770311 564.518824 113.347288 373.586943 187.667520 407.225210 108.016557 358.550713 446.051397 451.552588 482.848386 141.231784 85.974407 216.320782 133.457042 518.133956 116.509797 510.263849 169.867111 107.640048 458.781542 167.510877 302.413642 119.765228 445.309707 260.745553 350.841028 455.688753 331.053543 400.071163 91.201329 412.519024 359.039638 362.382823 456.655842 92.953951 379.814348 329.319668 432.607103 354.379111 390.214105 256.153920 489.278896 297.821517 325.999460 372.965966 538.295207 442.795477 334.708133 432.778211 90.626053 333.239812 279.506569 677.727602 571.161361 64.992615 343.946318 153.574383 342.666570 412.613337 332.854129 350.615329 349.554909 345.944824 151.931734 606.152716 189.935873 346.692185 189.256801 314.088522 466.064944 121.938816 630.332092 356.846018 219.086498 308.596522 46.625269 602.779654 479.815985 316.694576 404.037689 73.279750 169.966711 560.181469 183.014116 39.576827 369.515656 148.804278 319.062080 603.467455 191.718846 126.776073 412.821788 320.378154 129.581721 435.556350 352.070025 
587.985407 547.711228 686.351981 506.332594 717.837586 654.785067 469.905116 674.110886 195.323433 709.046446 702.102276 264.973502 748.246293 706.015441 320.110208 671.568717 443.142875 640.729834 363.011563 571.193189 656.473618 628.970376 652.821301 317.893098 311.085334 513.230933 388.876728 805.669884 289.209904 759.737188 421.444090 232.050845 663.945289 440.254861 510.019406 208.229657 621.340854 365.052606 629.462348 621.827179 616.344709 539.976007 394.875261 566.017253 662.560333 587.318874 623.845288 326.775470 453.082880 585.991865 550.519216 250.137846 483.967253 479.577164 618.080560 184.378232 178.340791 449.047266 785.160201 554.442234 644.004196 722.124572 386.247419 628.366495 205.861458 938.842335 727.659761 348.608162 634.572345 452.785532 618.330546 443.382249 304.412572 279.113107 271.787669 653.951949 188.986497 831.784134 329.610754 574.561897 236.117334 118.570988 726.998644 206.925934 888.904890 632.775248 264.952144 593.314643 287.586635 859.713684 472.428203 356.461636 590.137499 247.856555 315.782841 718.555183 478.046646 308.241149 319.077763 372.906673 39.837405 684.561724 187.134754 431.138413 701.643137 435.888174 438.486505 674.198410 661.363768 309.361021 
121.338000 174.030427 106.124338 292.110723 152.602461 510.526526 405.422560 153.936799 639.288321 406.609730 176.414041 478.815282 367.876117 401.096518 382.184603 80.853051 259.732670 163.961565 338.883823 219.948404 221.910398 292.189321 314.904895 389.545315 475.291451 347.831264 312.683626 104.460186 413.749914 149.828705 281.174815 525.036299 236.237459 261.714976 249.109920 537.237467 293.606925 409.950370 72.913375 314.640417 86.884074 351.277733 327.697537 329.825803 120.840250 192.488375 312.902658 469.269626 444.952903 136.134276 391.589715 615.909782 419.230417 248.197021 390.299113 603.222589 634.907648 440.323887 174.011849 403.716615 225.176986 31.986162 391.460056 355.104856 572.035186 270.336551 377.952054 421.034018 377.289327 356.632423 85.530429 504.972302 546.265758 588.441278 593.238867 170.654529 513.305022 266.216134 397.037981 191.159568 486.185071 657.268587 95.660921 539.441097 228.878413 432.924616 478.403168 392.552438 421.120121 206.347730 575.242239 477.170852 269.242402 458.975700 401.873364 368.874901 361.378826 442.336588 576.387695 331.737388 697.652567 519.567153 526.711705 294.829739 23.597302 386.862254 305.523507 151.098180 204.420705 417.829558 701.560322 
394.451541 392.090447 527.351688 405.503583 502.137447 634.670206 237.445803 529.362955 315.255581 642.827352 482.772701 239.527314 662.660214 638.384678 180.151988 469.358701 279.658471 499.066951 195.152334 445.276573 533.869093 531.998058 562.135962 200.085527 79.278700 280.549375 222.830824 615.087147 166.037491 605.385005 260.153443 12.867522 545.678290 262.651720 386.388339 25.618413 525.284928 309.896725 448.025189 533.460015 428.321699 469.315568 187.862252 485.879753 452.894976 451.886395 534.710210 95.282707 428.523298 424.186057 496.895505 344.025254 445.701756 342.577459 558.263571 275.918025 297.935617 422.132482 633.216075 505.688763 418.906258 529.713749 155.338920 395.288222 267.560229 774.452987 648.779720 117.107978 401.631938 221.173021 439.689019 450.158171 344.832437 350.432853 347.211742 436.057862 133.744694 698.328118 242.458791 436.527179 200.457123 269.134273 562.294334 27.386816 726.786030 402.213940 238.975942 360.867274 108.336005 699.031494 509.195117 349.745254 485.520656 89.486546 221.230833 638.070810 245.332613 79.531140 378.107936 228.733753 251.607491 662.410535 178.114210 222.587439 509.835581 378.447704 220.882344 528.589501 438.516406 97.276008 233.085672 515.078691 
197.132059 154.544481 28.781337 218.623128 284.546561 388.628975 490.398871 32.070520 600.391607 276.429138 306.631390 448.300711 235.412042 271.039203 383.602721 205.636572 266.916845 62.680529 352.659721 139.280141 98.495937 172.914677 190.055865 380.749958 524.074568 440.832131 324.516681 184.964256 411.992714 61.728619 287.464525 557.567770 110.059402 284.077610 193.595058 564.426235 176.261479 361.023587 133.566317 196.301910 162.889757 252.813562 370.713528 225.688191 244.396324 115.664035 194.141181 521.864382 361.559488 122.423887 287.265357 566.927612 329.997931 218.435063 271.643703 569.964094 599.862819 358.437847 88.000267 297.941163 345.619973 160.483783 451.187424 471.180627 537.868499 242.034392 246.111532 472.946640 493.756701 433.406284 131.604732 419.955966 490.511653 534.955580 541.028643 292.977539 510.709996 160.148890 371.525444 125.533187 466.281811 633.105987 51.822156 566.657807 191.741721 547.451696 448.046745 502.181893 440.938033 162.349359 483.234411 416.353808 164.469998 473.645228 382.953606 237.360954 445.971909 483.823075 514.940573 329.178197 686.670463 394.593792 512.830127 345.768489 155.889972 317.008077 365.897852 30.152311 328.254501 451.583314 698.008628 132.474381 545.954402 
187.335938 230.503435 125.158782 337.816957 179.087848 530.890513 465.198987 171.810194 698.284166 415.647382 208.168633 538.815971 368.097984 410.436403 446.536607 132.027418 323.650071 192.697648 404.179445 260.738968 240.555823 314.688174 332.271476 452.647463 540.861728 405.690418 377.643919 45.858230 477.916488 130.253726 345.253301 591.264145 252.319978 327.171603 299.503035 603.490125 317.612866 465.104795 136.925740 338.000870 153.117148 387.381796 393.890429 362.657804 168.586068 233.230404 335.916179 534.532876 488.914813 190.962805 424.877749 672.387406 460.442340 305.325881 413.639482 663.281619 694.716471 484.869352 146.269083 436.231511 269.842620 59.337239 456.287739 400.245908 631.778535 209.848999 382.546881 486.512220 421.716700 418.947179 148.248336 548.664798 600.554838 643.586777 648.757701 215.995325 577.792167 237.097906 457.408999 235.705818 548.174606 719.208733 91.357993 605.694137 172.919813 478.108003 538.432989 441.744999 487.083868 154.708677 616.086704 529.505423 300.837481 524.752695 463.482627 374.761239 421.727922 508.396968 629.133892 395.223078 761.632236 536.429343 589.821101 360.828036 75.260803 435.387344 370.785851 169.236915 246.178984 484.082055 766.378310 66.255341 581.327515 142.277311 
274.142171 211.600408 349.395111 185.208009 427.276682 417.619894 327.510192 337.293151 269.990856 419.799744 421.012008 109.700721 442.095992 415.410199 47.009781 361.951136 118.246275 304.138218 78.745961 237.783327 325.739812 312.829649 341.737120 23.473331 245.236373 327.105230 84.061133 479.207254 58.677991 422.457815 98.999199 235.998970 335.313618 130.768097 176.189648 232.555096 305.767995 103.008931 302.098392 312.251573 294.822523 246.231590 157.037011 263.073596 364.804404 251.388401 313.668461 253.257422 220.172213 250.693987 275.219378 258.419696 229.930568 142.326802 335.311881 231.053881 263.117610 213.257954 448.022247 284.709599 386.071015 399.489327 229.843776 433.492266 201.272369 601.696418 426.944394 219.825543 449.896244 271.843322 289.615066 257.347343 208.000585 240.221916 242.418815 373.714368 150.788416 498.684832 36.350440 237.999407 111.198326 282.283306 390.624991 234.563498 551.688528 477.580663 109.158983 424.672485 120.819419 522.465327 328.478108 168.724266 268.083095 134.621986 28.338486 416.405547 302.100983 199.460419 244.968592 49.015998 327.352000 444.230954 153.671520 177.349705 379.263691 160.236029 203.844182 337.280265 393.883927 160.339040 337.290873 374.988005 223.132848 360.730607 437.147063 
120.991474 146.235825 70.940520 258.339242 186.280219 473.267343 414.680460 117.672594 613.961508 370.299435 207.979496 454.528029 333.255263 364.756302 364.652662 107.472489 241.619695 126.692674 324.082146 184.371634 185.011866 254.941740 277.883631 369.527374 472.296232 359.929035 296.931592 128.698597 395.741053 126.514951 263.323116 517.348512 199.548619 247.888609 217.316562 528.053856 256.338732 381.364846 59.071779 277.373551 83.527474 315.066101 321.419950 293.092912 146.867778 156.759705 275.639276 467.464596 410.849347 106.828211 354.996558 588.401289 384.264255 221.063657 353.031688 578.984084 610.400098 406.411662 153.205970 367.036188 249.813810 68.946209 391.429768 377.816073 547.462272 269.407838 342.418074 418.647914 400.266771 362.391487 67.465380 470.846957 517.165008 559.941675 565.006461 196.176898 495.871969 243.037907 373.189271 156.553572 464.351463 635.296624 71.171952 530.278173 224.139609 455.060428 454.147939 412.209296 408.972385 198.706385 540.336101 446.816401 232.276888 445.722067 379.572157 333.142955 370.181291 436.799256 546.338933 312.517616 678.977635 482.417457 506.563984 290.640874 59.036796 354.451577 304.740741 114.832653 231.095687 409.715342 684.761696 37.268892 506.841047 98.652402 84.328309 353.488519 
174.733059 57.566206 141.274868 84.906979 324.972027 333.320163 417.150382 119.628063 455.169486 267.228255 335.082756 302.350111 261.570423 261.663626 247.271126 239.590965 145.424735 86.040573 225.454076 30.531571 114.296645 136.533928 168.803448 240.045772 412.283207 381.872823 198.542286 299.883460 273.153574 207.060981 161.910521 432.576932 127.423405 172.360856 47.919893 435.916017 132.825564 216.442631 149.002300 150.539004 164.040225 152.042450 264.794385 138.412084 265.509844 32.756139 150.217641 413.374048 237.759968 76.574889 195.134770 423.667240 212.984110 78.472488 214.826197 424.123741 454.200635 233.120079 231.151616 208.033949 342.379698 238.543595 353.464453 446.587191 392.036938 387.856112 256.345110 366.524582 468.373814 355.097740 135.697429 297.776203 349.044112 392.930968 398.611433 301.676286 369.448568 281.047439 226.410263 20.472039 321.247421 487.186691 184.826798 438.105940 337.527382 514.995239 302.100777 463.481261 312.245178 308.109844 368.613099 276.459961 91.830950 340.721690 239.028397 245.164603 375.766975 368.138992 376.050306 193.735408 541.993717 349.610946 368.534911 250.413152 222.453886 181.290487 277.284489 119.931071 334.892580 331.763729 554.802821 207.206303 420.249610 145.975071 254.118678 218.660827 173.595657 
459.303075 442.571149 580.783852 435.481553 575.272077 640.506249 313.512390 577.671243 265.655783 664.655767 557.015987 231.257227 691.460501 660.647719 215.996771 537.826639 330.825427 545.899760 245.113751 485.493674 574.234596 563.113064 591.462693 227.272208 154.692451 357.921931 273.195477 680.196881 192.298731 657.818781 309.811580 75.657292 584.636520 319.258273 424.519676 52.058375 555.964000 318.832073 508.884950 561.516705 491.427228 489.764819 255.477361 510.107956 523.872462 495.753089 563.061836 170.391689 431.369980 477.492536 511.872790 303.788331 453.932532 384.781105 576.616272 231.109035 247.144779 425.600921 685.008990 519.134973 494.785241 595.061076 232.454284 472.361415 231.110604 831.322971 675.086500 194.317419 478.252755 298.502587 499.443185 442.819861 321.590113 317.511911 312.817847 509.736538 117.002030 744.134235 259.713896 481.111231 191.065663 207.975424 618.064751 50.634601 782.665042 476.786187 230.852651 436.921957 158.024703 754.274165 493.450399 343.008414 518.620669 123.422338 239.893154 664.810354 322.704534 155.459651 350.553241 269.703106 177.829353 669.332787 152.575341 291.440151 574.864219 391.404524 293.422531 577.200470 513.760077 164.832825 156.393585 578.256857 77.402073 597.063598 644.378586 250.537671 566.908499 463.239866 
391.372382 273.324982 341.815398 143.106400 547.514696 162.773398 567.656523 299.873065 343.342013 205.691075 555.510809 251.920663 256.246015 203.525327 302.783848 462.815303 288.788303 273.803810 320.344293 207.719160 240.616692 174.101925 180.739181 276.367698 501.010668 551.618283 307.355497 511.294358 307.518741 379.622865 288.523559 484.547297 236.633031 320.556743 193.576551 476.187209 167.577855 162.386909 372.684015 154.657942 386.405893 79.113835 393.415257 107.557412 486.513452 235.243618 157.297653 508.948977 54.640774 300.154060 53.786740 292.938011 26.224190 225.722197 116.365909 331.112061 351.516763 58.101911 393.089301 51.368839 552.744498 459.532762 477.968426 639.488952 303.739113 546.374820 231.507826 473.443447 659.540723 506.841309 359.326477 95.186841 215.402034 256.298994 264.151040 518.322972 363.319547 393.799378 230.112281 237.197684 290.433403 404.191669 382.223011 477.910980 499.020472 698.406937 252.192642 644.779127 375.961543 471.704608 151.321199 150.929377 167.499613 382.700639 251.347668 224.484385 534.409487 455.231413 222.393663 275.914538 480.036213 190.585493 336.205854 398.832714 444.690985 95.623126 428.865942 301.936078 549.390294 415.995294 507.112807 427.665712 471.925908 331.925763 465.848803 255.790707 391.972342 223.683123 479.786184 
303.490300 245.799318 134.631392 265.335182 380.154427 349.318683 595.599625 109.638362 649.552657 218.504929 404.875508 508.520838 160.451226 214.150895 464.749458 306.820798 356.658021 136.965754 440.549238 197.438900 112.963355 166.236925 164.218198 456.906819 620.602954 546.987269 412.866104 245.886406 490.438178 83.943469 375.573795 647.765257 109.088869 378.192220 259.013711 652.319005 173.025128 412.910097 239.957974 186.057704 269.292356 266.405391 468.180046 235.449336 346.492127 184.934422 183.417022 619.610749 382.110608 220.994860 288.102087 609.296438 346.518333 295.913357 248.684906 624.048197 651.851150 380.858654 73.981440 295.401149 449.405060 251.299089 551.772095 576.419037 592.283110 207.377425 180.145619 571.122283 598.957930 537.697643 237.932474 434.862083 530.087335 574.723470 581.634040 395.881614 585.487688 63.716352 438.683796 199.726951 532.549501 691.815287 133.121949 654.525450 162.628746 653.086371 508.382679 608.347224 528.361861 138.386303 486.823547 455.194895 186.995821 557.961453 453.419865 174.941841 551.308319 578.531101 548.647899 411.050278 752.709678 347.460719 581.163465 445.927152 251.898675 354.904837 467.833532 111.148214 430.749495 544.185432 768.271646 228.482477 635.675736 106.443323 214.193212 434.969560 199.704780 217.488774 680.687021 340.251492 
380.125150 267.242770 269.762996 173.943608 515.333179 139.008178 619.432807 221.281426 488.284173 68.833033 531.015577 380.249690 109.765663 64.679901 394.708516 429.651000 334.757936 209.271832 395.125283 180.678715 151.939839 81.125620 59.827529 374.252984 587.067782 589.128446 373.955320 433.865392 408.982176 279.600496 343.823130 586.963771 139.576029 366.365386 211.542543 583.197879 81.272679 281.402378 338.890553 60.787996 361.559735 106.240298 454.602103 88.921314 462.154336 199.621299 61.841179 591.779686 199.483383 275.601692 94.970295 439.008379 163.960137 258.929760 32.371076 473.185940 495.446520 201.343107 284.693168 95.124717 548.458012 403.713443 544.329185 656.347541 444.260331 424.869779 85.671262 549.411729 678.195884 556.870795 328.300154 238.434041 360.699032 402.426059 410.214130 503.770909 483.484012 262.290415 336.386653 210.883991 415.050901 545.879283 300.880000 585.159178 381.458751 724.761833 380.377955 673.008892 469.091333 357.043504 276.475807 292.108001 118.254635 485.548030 356.674209 78.071389 580.055333 540.734794 368.882107 352.662845 618.874413 147.041730 463.665177 448.366894 394.119404 208.435089 477.309245 224.015593 538.350048 501.439105 643.198563 372.660652 574.096325 249.626121 391.895177 351.026964 335.473257 209.874560 595.971287 146.488793 218.892610 
589.138803 547.587223 686.088954 504.697589 719.913527 650.804046 474.093120 673.399485 189.866068 706.075658 704.409960 262.791106 745.720499 703.084377 320.542272 672.991303 443.577169 639.975516 363.951650 570.100225 655.115193 626.935798 650.573411 317.721853 315.289542 516.924272 389.622435 806.459541 289.483335 759.225033 421.893742 236.280445 662.447696 441.162309 509.018846 212.331707 619.295825 362.808745 630.079991 619.573724 617.235083 537.440118 397.006958 563.664289 664.351604 586.474845 621.608507 331.027890 449.657800 585.989251 547.525387 244.910612 480.775309 479.066366 615.097636 179.833336 173.051314 445.693210 784.539630 551.318868 646.752375 723.065704 389.718308 632.250906 201.918824 938.517244 724.985802 352.186638 638.633178 456.294104 618.861007 439.255734 300.116880 274.233312 266.856240 656.203870 189.300333 830.523881 328.485858 573.824746 234.652349 113.145152 726.878817 211.071953 888.536166 637.270922 262.785082 597.525010 289.442535 859.318609 467.579636 353.020537 588.392246 249.688032 314.983190 715.935392 481.758450 311.663188 314.264295 373.080844 33.541951 680.584004 185.906243 433.230390 702.580041 433.349311 440.984685 673.514257 663.933582 312.051326 6.504628 702.280370 237.038659 697.498158 766.974756 336.853409 685.171575 554.005653 160.646194 503.778870 767.054135 640.403730 
202.887231 305.554133 368.866056 418.768832 190.728260 691.238441 140.346212 402.332858 601.886091 627.984861 162.106307 456.236300 611.050436 622.327481 325.463449 211.954554 268.409607 389.943279 277.647445 392.288403 450.905640 497.212875 528.457426 351.467352 276.720795 76.963564 272.076611 356.378894 350.628990 434.814476 274.401680 351.802205 467.119495 238.943448 369.923946 373.291049 494.443487 446.492443 263.766783 513.058581 234.525736 501.583751 205.602044 496.525931 174.852399 376.506868 512.576538 263.431437 542.041566 303.914860 544.402033 604.656354 534.370313 329.990593 576.216735 559.272036 589.644947 535.309854 461.347232 557.248882 86.090669 284.216007 192.380819 84.991703 535.826911 552.388641 611.732020 230.576068 105.953335 126.974192 267.366931 593.434296 562.407538 591.808464 592.945713 130.771765 420.870367 551.094180 390.763799 363.328774 438.747254 584.563900 379.470522 374.984675 515.914872 153.228088 455.599375 105.019476 306.832910 495.575252 668.745963 519.236526 454.566217 343.275616 380.050421 600.898002 108.310691 269.905399 599.558452 309.323078 590.575886 710.026391 455.827560 178.000857 271.716163 472.068121 155.107420 399.953302 111.819169 272.278630 577.974186 290.517430 347.683833 397.254409 343.294190 354.735458 308.308312 362.845263 424.833131 554.660326 503.493642 572.718800 581.245969 
321.650909 318.048069 178.876659 383.016946 330.256131 495.663042 612.248967 195.870909 767.580423 362.874766 360.220351 616.506916 300.506549 358.874949 548.135398 283.435916 427.961680 229.332345 513.480237 305.191653 240.188181 306.628533 309.316239 547.211600 672.201941 554.775845 485.453394 157.192381 577.458712 107.383053 449.272390 713.786916 242.940535 440.512101 361.613974 722.825146 312.589876 528.058147 259.228839 328.252584 284.279506 402.491583 520.112298 372.382113 321.350108 283.290978 325.659845 667.827077 516.770000 281.356166 429.269032 732.453761 482.616619 385.859625 394.633360 737.836688 767.508925 514.607515 87.275717 437.681730 423.275741 211.502818 592.227075 553.678668 705.738305 73.906577 323.153776 618.894090 575.111377 562.119841 265.208894 572.489082 654.926582 699.600594 705.956307 369.326218 676.948945 124.781823 539.637790 293.739737 634.325113 801.331881 140.611376 725.060728 24.097246 631.522621 616.256661 594.941689 600.943015 8.456495 628.879003 580.155642 316.494517 635.585978 550.673511 319.238153 568.074695 635.381917 677.348114 493.931404 854.471362 492.611278 680.549472 490.582004 223.893833 479.691144 505.517427 195.090568 399.571130 606.366133 865.000751 206.986120 702.776189 168.238468 153.439667 527.820781 200.848191 314.157097 758.569815 479.565928 146.792470 365.396962 864.655238 495.390361 
235.093683 180.237299 68.289579 221.635293 322.773217 362.304939 526.620242 42.683618 607.345233 243.976500 345.455753 459.601469 198.822563 238.770693 404.790259 244.873355 292.384600 74.333605 377.371097 145.676008 80.417092 152.764779 164.382242 399.376525 554.037690 478.262814 349.399284 211.148628 431.886647 58.725352 312.076094 583.918778 87.165563 312.222896 205.177267 589.536303 157.481415 368.087718 172.367837 175.878452 201.617741 242.598713 401.114960 213.389496 283.789679 127.246835 173.476496 552.576634 355.548924 152.931706 272.912042 570.911473 322.090055 236.703122 248.951376 578.956733 608.029326 353.131460 75.138609 282.545173 385.135230 196.892562 483.713742 510.542982 546.907023 233.779939 211.431871 503.896112 533.124624 468.760503 169.560455 412.253635 493.032382 537.743102 544.186551 332.460370 529.057379 127.421037 385.700091 140.321223 480.441576 644.294433 81.009707 591.757151 183.954150 586.685978 459.399178 541.113146 465.603994 155.023520 471.732567 418.168327 155.183365 496.720097 398.778721 203.324835 482.337914 512.660313 515.162548 350.540875 701.258100 366.058238 528.103151 377.928366 193.815677 317.599570 399.343934 43.623983 367.715220 479.154798 714.561479 170.252736 572.031291 39.515362 171.670900 378.309870 137.595348 159.793948 619.981048 320.933818 68.982008 224.120535 713.721471 436.131954 162.191629 
150.408998 205.098660 311.064357 296.144406 248.044013 569.659049 160.360539 330.265803 469.371892 523.236030 231.688960 318.889190 517.819736 517.763402 188.747712 215.085768 135.628781 308.420352 139.390467 287.720516 362.178291 393.365296 425.790469 213.335447 206.102893 128.458037 132.558874 364.690786 216.145864 387.473772 137.695903 264.116931 377.574272 103.881549 251.311974 280.411550 389.156732 307.521181 213.136393 405.414142 187.586837 379.170499 76.358990 379.179221 196.889593 279.166955 405.446683 199.137806 407.051040 219.546184 420.416260 468.253887 402.506522 206.064488 460.412811 427.228467 458.421135 400.193265 415.892071 432.877812 179.070808 279.956578 121.012165 220.628996 401.936408 539.295992 513.523349 151.611199 238.769032 99.329797 209.153550 456.413631 423.342143 453.792628 455.259368 183.511020 297.102283 496.095517 251.346585 263.871864 304.515784 459.690923 336.454497 282.480896 495.023466 274.210424 318.264781 220.515004 184.819005 469.609848 531.314100 379.894817 347.005194 224.203334 241.209944 502.349219 118.593025 178.118824 460.389533 169.818822 476.805309 590.884659 327.153484 41.743806 261.090564 337.435435 35.869776 328.519030 192.954169 163.003144 470.446762 270.470274 256.005486 335.954039 335.468035 215.436246 270.966930 257.194785 327.600736 424.363917 439.348552 462.033096 472.725777 139.521645 471.811722 370.525387 
89.760111 175.814088 146.435915 303.009730 112.593092 538.955349 358.973666 191.314947 628.627461 442.459404 132.295623 467.360601 408.186902 436.846704 361.475378 31.766134 242.202767 194.525550 315.145842 238.138503 255.969549 322.088213 347.454212 372.287393 437.339312 300.189975 290.648199 133.564360 393.330499 198.541710 262.700174 491.341048 271.256444 238.321394 255.916781 505.049976 322.508020 407.039594 70.930672 343.528351 65.982776 370.010193 294.190272 351.635618 71.753641 212.032213 342.048373 430.300520 455.029266 143.587150 412.004611 609.364212 432.331432 245.501552 417.996850 590.869055 622.853146 449.856377 223.346121 424.580619 175.896908 48.766140 351.446372 305.539356 560.418310 315.754347 416.242421 382.856192 327.771057 312.486096 84.627835 514.705614 543.284056 583.988099 588.224980 121.549191 491.237832 315.235506 385.674920 207.088859 470.703894 640.998076 143.603825 507.220247 276.239900 383.312956 466.897972 342.887750 393.086512 254.775023 587.196203 477.360649 293.419526 431.943173 387.947692 406.659038 315.338062 406.970344 575.255326 314.168876 676.371302 550.111640 508.387580 259.672464 31.450199 392.773445 266.970879 188.507357 155.882751 385.286393 677.721971 49.693719 482.006010 174.572215 106.524023 360.155505 76.073370 219.790372 548.256650 443.452996 275.123030 403.207355 678.849921 241.157261 254.970450 213.650813 231.272877 
166.569335 270.553030 332.822457 386.133902 168.423589 657.717617 160.815284 366.025517 587.158697 592.440093 142.443660 437.466720 574.905329 586.774713 307.300983 179.289572 239.949192 353.679729 257.931144 357.204866 414.746743 461.784016 492.885114 331.835228 281.930056 97.558248 249.321943 326.804403 334.242852 399.473177 247.835552 353.674769 430.968239 211.953306 336.773044 373.870706 459.139470 421.233143 227.619688 477.931979 198.346860 468.603669 190.917009 462.648501 143.863127 340.911410 477.401993 269.928634 513.029512 267.908367 511.643979 586.843163 503.938793 298.194732 541.927622 544.822890 575.752589 506.384465 426.211333 524.547079 71.106149 251.929590 194.070183 118.619524 520.080719 520.883447 575.791864 232.139556 140.404694 133.225405 231.079872 565.648188 541.054281 572.198758 573.754720 104.083776 410.594984 515.549098 368.592012 327.931887 422.667674 574.205572 344.209828 375.697815 483.288459 189.303105 436.843433 141.294809 296.589312 462.295487 641.187344 494.682723 419.568591 334.553396 359.347852 564.984454 122.245710 269.119914 577.922002 286.188210 585.173131 676.048592 443.218051 159.582860 238.479281 443.062688 141.162325 363.650245 93.478898 266.180986 574.936425 256.513710 348.317190 361.153803 311.227291 333.066306 273.041663 327.993277 424.532308 523.607881 467.453086 537.795773 577.850088 36.320566 462.372813 399.964597 118.593903 207.532541 
81.642231 57.198376 105.868860 183.340389 223.549525 430.410138 363.668559 123.995433 522.517448 348.974017 234.533953 362.574161 328.081825 343.276038 273.666482 138.161983 151.003430 107.104460 235.348703 123.698937 167.919166 220.375540 249.821104 277.461969 396.713064 317.425388 207.619580 219.652343 304.411020 184.015669 172.686928 434.743605 184.154994 161.299770 136.138278 443.598781 219.005454 292.721390 49.186491 239.223394 63.034390 253.337297 243.400980 237.797973 164.898604 100.729503 238.228221 393.846188 335.180545 25.241956 296.189803 498.536533 312.814537 130.822799 310.026080 487.054277 518.578653 330.018931 212.393308 309.012385 248.873049 146.001655 322.212034 363.213190 455.649856 351.460351 329.783803 344.822025 385.624462 305.395259 35.276134 394.873506 429.125224 471.128118 475.885757 203.969958 404.631803 289.069293 281.058256 91.873901 371.986511 542.939633 138.670486 445.834248 303.275465 436.159495 362.182657 387.422810 322.087391 275.401760 467.393826 360.798068 183.833054 357.554430 287.210930 319.139781 319.572140 357.833275 459.689234 220.850944 587.080019 444.537425 414.365540 217.051631 127.540694 273.435819 236.802272 122.048705 238.363216 327.528329 593.616334 117.380522 423.631358 129.096010 176.386710 261.154764 92.365017 101.461409 479.995238 324.735588 232.303523 300.011356 593.878554 283.078743 279.228883 163.385208 207.215269 119.848879 246.875073 
