50
  5 
 51  55 
 34  35  84 
158 161 106 188 
118 115 100 149 147 
129 125 123 156 180  32 
128 134 108 135 128 207 232 
 81  77  80 110 158  42  47 188 
 59  62  95  35 189 177 187 113 140 
 76  77  34 111  95  72 100 134  66 127 
207 210 155 238  49 181 214 167 199 239 140 
 90  96  65 106 106 164 188  43 145  93  92 152 
171 176 140 182 118 231 259  49 220 162 159 146  80 
189 190 138 222  59 136 168 185 161 231 113  53 158 177 
105 109 129  84 205 221 234  98 186  49 163 252  99 146 255 
181 187 164 183 167 262 288  55 244 155 189 197  99  51 226 125 
224 226 172 256  76 175 207 202 201 262 150  39 182 184  39 281 235 
 41  44  78  24 176 159 170 112 122  18 110 226  85 160 216  65 158 248 
192 198 167 199 149 260 288  64 247 175 188 174 103  31 208 150  31 213 175 
100 105 118  85 189 213 228  81 180  51 152 236  83 130 240  17 111 265  63 135 
 56  57  20  91 109  80 104 128  62 108  20 156  84 158 133 146 184 169  90 185 136 
138 142  91 163  43 161 192  84 160 158  94  85  67  79 102 167 125 118 147 110 150 101 
106 111  62 131  65 145 174  71 137 127  74 113  41  85 118 140 122 141 115 115 124  76  31 
105 110  72 122  92 167 193  42 152 110  94 137  17  68 147 115  95 168 103  95  98  90  52  30 
127 126  93 161 110  41  73 189  71 183  59 140 148 205  95 221 242 134 165 236 211  75 130 121 147 
 37  31  79  47 184 109 111 165  67  82  93 232 127 208 206 131 218 244  67 229 130  75 170 140 141 130 
169 171 117 201  24 140 173 151 157 205  99  42 127 142  35 225 191  56 191 173 209 116  67  85 114 100 192 
 99  99 148  65 250 209 210 173 167  63 176 299 156 223 287  86 209 320  73 233  98 156 220 189 174 225  99 264 
 98  98 147  63 248 207 208 172 166  62 175 298 155 222 285  85 208 319  72 232  97 155 219 187 172 224  98 262   1 
 99  95 103 124 177  44  32 211  22 156  87 217 168 243 176 204 267 215 139 270 200  85 182 160 175  81  79 175 177 176 
167 170 115 198  16 145 178 144 160 202  99  40 121 134  43 220 183  61 188 164 204 116  59  80 108 105 191   8 261 260 178 
 34  31  86  16 192 139 144 149  98  51 109 241 117 195 222 100 198 258  40 213 101  89 170 138 133 155  33 203  69  68 112 201 
209 213 158 239  51 190 223 161 207 238 146  13 149 136  66 249 188  51 226 163 232 161  82 111 133 150 236  50 299 298 225  47 243 
 16  21  54  30 157 132 144 115  96  45  84 207  80 159 193  90 167 226  27 179  84  64 133 101  96 138  51 170  94  92 115 168  37 208 
147 152 110 164  86 196 225  49 188 149 125 120  58  35 145 145  81 156 143  67 128 126  44  51  42 170 183 110 212 211 211 102 175 112 138 
185 189 134 213  32 180 213 132 190 210 127  36 120 110  74 220 161  74 199 139 203 140  53  83 104 142 214  45 272 271 210  37 218  29 183  84 
 97 101  46 129  60 110 140 105 107 134  41 109  68 121  97 158 157 128 119 151 144  51  52  36  63  85 124  72 192 190 129  69 132 112  98  86  89 
 83  78  98 104 185  65  55 203  28 138  90 227 161 238 190 187 258 229 122 264 183  82 184 158 170  98  57 185 154 153  23 187  90 234  99 208 217 131 
 80  82  32 114  85  82 110 126  76 127  10 132  84 149 108 161 181 144 111 178 148  25  83  63  85  64 100  91 179 178  98  91 114 137  86 114 117  31 101 
191 194 140 220  34 178 211 144 192 219 129  24 130 122  65 230 173  62 207 151 213 143  63  92 115 139 218  39 280 279 211  33 225  19 190  96  12  94 219 120 
144 145  98 179  70  85 117 172 109 193  67  96 137 179  52 224 222  92 176 210 211  87 100 101 130  44 157  57 244 243 123  63 177 107 151 143 101  69 137  65  97 
143 148 136 140 168 237 259  40 213 110 166 207  75  74 225  79  46 242 115  72  65 156 124 110  80 223 178 191 163 162 235 184 155 200 127  87 171 142 223 159 183 210 
 73  78  44  93 103 143 167  64 124  87  72 152  21  99 150 104 120 178  76 124  89  63  71  39  32 130 109 121 149 148 147 116 102 151  65  73 123  54 140  65 131 123  93 
 85  87  37 119  82  81 110 128  78 132  13 128  87 149 103 165 183 139 115 179 153  29  82  64  87  61 105  87 184 183  99  87 119 133  91 115 114  30 103   5 116  60 162  69 
202 204 152 236  64 151 183 192 177 243 128  45 167 180  15 265 230  24 228 210 250 147 107 126 155 110 221  41 300 299 191  48 236  59 206 149  72 109 205 122  62  68 232 161 117 
181 182 134 216  78 112 142 198 142 229 104  83 166 196  29 258 242  65 212 227 244 124 118 127 157  72 194  56 281 279 154  64 213  96 187 162 100  99 170 101  92  36 237 154  96  42 
151 157 137 153 156 237 261  31 217 125 165 192  73  55 214  98  30 228 128  52  83 157 112 102  73 220 188 179 181 180 239 172 167 184 137  72 156 137 229 157 168 204  20  94 159 220 228 
 96  93  83 127 146  22  40 192  21 155  60 185 148 219 144 199 247 184 137 248 192  63 154 134 153  51  87 143 186 185  32 146 117 193 110 186 179 101  47  71 179  91 219 127  71 159 123 221 
114 116  65 148  59  89 121 138  99 159  40 101 101 150  74 188 189 110 143 181 175  58  74  67  96  56 133  59 213 211 118  61 148 108 119 114  92  33 126  34  93  36 175  86  29  88  69 169  86 
