100
  5 
 51  55 
 34  35  84 
158 161 106 188 
118 115 100 149 147 
129 125 123 156 180  32 
128 134 108 135 128 207 232 
 81  77  80 110 158  42  47 188 
 59  62  95  35 189 177 187 113 140 
 76  77  34 111  95  72 100 134  66 127 
207 210 155 238  49 181 214 167 199 239 140 
 90  96  65 106 106 164 188  43 145  93  92 152 
171 176 140 182 118 231 259  49 220 162 159 146  80 
189 190 138 222  59 136 168 185 161 231 113  53 158 177 
105 109 129  84 205 221 234  98 186  49 163 252  99 146 255 
181 187 164 183 167 262 288  55 244 155 189 197  99  51 226 125 
224 226 172 256  76 175 207 202 201 262 150  39 182 184  39 281 235 
 41  44  78  24 176 159 170 112 122  18 110 226  85 160 216  65 158 248 
192 198 167 199 149 260 288  64 247 175 188 174 103  31 208 150  31 213 175 
100 105 118  85 189 213 228  81 180  51 152 236  83 130 240  17 111 265  63 135 
 56  57  20  91 109  80 104 128  62 108  20 156  84 158 133 146 184 169  90 185 136 
138 142  91 163  43 161 192  84 160 158  94  85  67  79 102 167 125 118 147 110 150 101 
106 111  62 131  65 145 174  71 137 127  74 113  41  85 118 140 122 141 115 115 124  76  31 
105 110  72 122  92 167 193  42 152 110  94 137  17  68 147 115  95 168 103  95  98  90  52  30 
127 126  93 161 110  41  73 189  71 183  59 140 148 205  95 221 242 134 165 236 211  75 130 121 147 
 37  31  79  47 184 109 111 165  67  82  93 232 127 208 206 131 218 244  67 229 130  75 170 140 141 130 
169 171 117 201  24 140 173 151 157 205  99  42 127 142  35 225 191  56 191 173 209 116  67  85 114 100 192 
 99  99 148  65 250 209 210 173 167  63 176 299 156 223 287  86 209 320  73 233  98 156 220 189 174 225  99 264 
 98  98 147  63 248 207 208 172 166  62 175 298 155 222 285  85 208 319  72 232  97 155 219 187 172 224  98 262   1 
 99  95 103 124 177  44  32 211  22 156  87 217 168 243 176 204 267 215 139 270 200  85 182 160 175  81  79 175 177 176 
167 170 115 198  16 145 178 144 160 202  99  40 121 134  43 220 183  61 188 164 204 116  59  80 108 105 191   8 261 260 178 
 34  31  86  16 192 139 144 149  98  51 109 241 117 195 222 100 198 258  40 213 101  89 170 138 133 155  33 203  69  68 112 201 
209 213 158 239  51 190 223 161 207 238 146  13 149 136  66 249 188  51 226 163 232 161  82 111 133 150 236  50 299 298 225  47 243 
 16  21  54  30 157 132 144 115  96  45  84 207  80 159 193  90 167 226  27 179  84  64 133 101  96 138  51 170  94  92 115 168  37 208 
147 152 110 164  86 196 225  49 188 149 125 120  58  35 145 145  81 156 143  67 128 126  44  51  42 170 183 110 212 211 211 102 175 112 138 
185 189 134 213  32 180 213 132 190 210 127  36 120 110  74 220 161  74 199 139 203 140  53  83 104 142 214  45 272 271 210  37 218  29 183  84 
 97 101  46 129  60 110 140 105 107 134  41 109  68 121  97 158 157 128 119 151 144  51  52  36  63  85 124  72 192 190 129  69 132 112  98  86  89 
 83  78  98 104 185  65  55 203  28 138  90 227 161 238 190 187 258 229 122 264 183  82 184 158 170  98  57 185 154 153  23 187  90 234  99 208 217 131 
 80  82  32 114  85  82 110 126  76 127  10 132  84 149 108 161 181 144 111 178 148  25  83  63  85  64 100  91 179 178  98  91 114 137  86 114 117  31 101 
191 194 140 220  34 178 211 144 192 219 129  24 130 122  65 230 173  62 207 151 213 143  63  92 115 139 218  39 280 279 211  33 225  19 190  96  12  94 219 120 
144 145  98 179  70  85 117 172 109 193  67  96 137 179  52 224 222  92 176 210 211  87 100 101 130  44 157  57 244 243 123  63 177 107 151 143 101  69 137  65  97 
143 148 136 140 168 237 259  40 213 110 166 207  75  74 225  79  46 242 115  72  65 156 124 110  80 223 178 191 163 162 235 184 155 200 127  87 171 142 223 159 183 210 
 73  78  44  93 103 143 167  64 124  87  72 152  21  99 150 104 120 178  76 124  89  63  71  39  32 130 109 121 149 148 147 116 102 151  65  73 123  54 140  65 131 123  93 
 85  87  37 119  82  81 110 128  78 132  13 128  87 149 103 165 183 139 115 179 153  29  82  64  87  61 105  87 184 183  99  87 119 133  91 115 114  30 103   5 116  60 162  69 
202 204 152 236  64 151 183 192 177 243 128  45 167 180  15 265 230  24 228 210 250 147 107 126 155 110 221  41 300 299 191  48 236  59 206 149  72 109 205 122  62  68 232 161 117 
181 182 134 216  78 112 142 198 142 229 104  83 166 196  29 258 242  65 212 227 244 124 118 127 157  72 194  56 281 279 154  64 213  96 187 162 100  99 170 101  92  36 237 154  96  42 
151 157 137 153 156 237 261  31 217 125 165 192  73  55 214  98  30 228 128  52  83 157 112 102  73 220 188 179 181 180 239 172 167 184 137  72 156 137 229 157 168 204  20  94 159 220 228 
 96  93  83 127 146  22  40 192  21 155  60 185 148 219 144 199 247 184 137 248 192  63 154 134 153  51  87 143 186 185  32 146 117 193 110 186 179 101  47  71 179  91 219 127  71 159 123 221 
114 116  65 148  59  89 121 138  99 159  40 101 101 150  74 188 189 110 143 181 175  58  74  67  96  56 133  59 213 211 118  61 148 108 119 114  92  33 126  34  93  36 175  86  29  88  69 169  86 
 45  39  86  54 190 108 107 173  66  89  97 237 135 215 210 138 226 248  75 237 138  80 177 147 149 131   8 197 102 101  75 197  38 242  59 190 220 130  53 105 224 161 186 117 109 225 197 196  86 138 
123 124  76 157  66  80 113 153  96 171  46 103 116 164  68 202 204 106 154 195 189  66  87  82 111  44 138  61 222 221 114  64 156 111 129 128  99  48 124  43  98  22 190 101  38  83  58 185  82  15 142 
 37  42  30  61 127 125 144  94  97  66  63 177  54 135 165  99 149 198  50 157  89  47 102  71  68 122  73 141 122 121 119 138  67 178  31 110 152  69 108  62 159 128 115  36  67 178 163 120 106  93  81 105 
 76  80  25 107  81 109 136  98  98 112  36 131  56 123 118 139 153 150  97 152 126  36  66  39  58  91 105  94 169 168 120  91 110 133  76  90 109  22 119  27 114  85 132  39  30 131 118 129  96  49 111  62  47 
108 105 101 138 162  20  22 209  28 167  78 198 166 237 155 213 265 194 150 265 207  81 171 152 171  60  95 156 194 193  23 160 126 207 123 203 194 119  45  88 194 103 236 145  89 170 132 238  17 102  93  96 122 113 
229 231 177 261  81 179 210 207 205 267 155  43 187 188  43 286 239   5 253 217 270 174 122 146 173 138 249  61 325 324 219  66 263  54 231 161  78 133 233 149  66  96 246 183 144  28  68 233 187 115 253 110 202 155 198 
 76  79 109  51 199 194 204 111 157  17 142 248  98 161 243  34 148 273  35 171  39 123 165 135 115 199  99 216  62  61 174 212  67 246  62 152 218 146 155 142 227 207 102  96 147 255 242 119 172 173 105 185  79 125 184 278 
 86  89  35 115  72 114 143  95 106 119  42 122  55 116 112 144 149 142 105 146 129  45  56  31  53  93 115  86 178 176 128  83 119 123  85  82  99  14 128  32 105  82 130  40  33 124 114 126 103  46 121  61  55  10 120 147 131 
212 214 160 244  62 170 202 188 193 249 140  27 168 171  34 267 222  13 235 200 251 158 104 127 154 129 233  43 308 306 208  47 246  41 214 142  61 116 221 133  49  85 228 164 128  21  62 214 176 100 238  97 185 138 188  18 260 130 
202 208 177 208 159 271 299  73 258 183 198 182 113  41 217 156  33 221 184  10 142 196 120 126 105 247 239 182 240 239 281 174 222 171 189  77 147 162 274 189 159 220  77 134 190 218 237  59 258 191 247 206 167 162 276 225 178 156 208 
112 107 124 133 201  63  39 230  44 167 110 240 188 264 198 216 286 237 151 291 213 106 205 182 196 103  85 198 180 179  23 201 119 248 128 232 233 152  29 121 234 145 252 166 123 213 175 258  55 141  80 137 137 142  43 241 184 151 231 301 
169 172 118 202  31 135 168 157 154 208  98  46 131 150  28 229 198  54 193 181 214 115  74  90 119  95 191   8 266 264 171  16 203  55 172 117  53  74 182  90  46  51 197 125  86  36  48 186 139  57 196  57 143  96 152  59 219  88  42 190 194 
179 185 156 186 147 251 278  51 237 161 178 175  92  29 206 137  23 213 162  14 121 175 106 107  84 229 216 171 219 218 260 162 200 165 166  62 139 144 253 169 151 205  58 113 171 209 224  39 238 174 224 189 145 142 256 217 157 137 200  22 280 178 
 29  31  26  64 131  96 113 124  66  83  47 180  82 161 159 125 180 195  65 186 117  27 117  87  93  99  53 141 129 128  88 139  63 183  38 133 160  71  78  51 165 114 147  62  55 173 151 152  75  85  60  93  31  51  91 200  99  61 183 196 106 141 175 
128 134 118 129 151 219 241  24 196 101 148 192  56  68 208  78  54 226 104  74  62 138 108  92  62 205 164 174 159 158 218 167 144 186 113  74 157 123 207 141 168 192  18  75 143 215 219  23 202 157 172 172  99 113 219 231  97 112 212  81 236 180  60 130 
194 200 158 210 113 241 272  80 236 191 171 130 104  31 169 178  76 169 188  46 161 174  81  98  89 212 231 135 253 252 258 127 221 119 185  48  96 131 256 161 108 180 106 121 161 169 191  86 232 155 238 168 158 138 250 173 191 130 157  52 280 143  53 182 100 
 86  87 134  51 234 199 202 158 158  47 163 284 140 207 272  73 195 305  57 218  84 143 204 173 157 213  91 249  16  14 170 246  59 284  79 196 256 176 148 165 264 230 149 133 170 285 267 166 176 198  95 209 107 154 186 310  47 162 293 225 174 251 204 116 144 237 
152 152 112 187  99  68  98 198 101 206  79 120 160 207  70 241 248 109 188 238 229  98 129 127 155  30 159  84 252 250 111  91 183 132 162 171 129  92 128  80 124  29 234 144  76  85  44 229  81  59 161  44 142 105  88 112 221 104 104 249 131  77 232 123 216 209 239 
126 126  84 161  86  62  95 172  85 178  51 118 132 185  76 213 224 116 161 216 201  70 108 102 129  23 136  77 226 224  99  82 157 128 135 149 118  66 113  52 116  23 207 116  48  91  58 203  68  34 139  21 114  77  80 120 193  77 108 226 122  72 209  97 189 189 213  28 
115 120  73 137  69 159 187  61 150 129  87 115  38  72 125 137 109 145 119 102 121  88  29  13  22 134 149  92 192 190 173  85 145 111 108  38  82  49 171  77  92 113 100  43  77 133 137  91 148  80 156  95  78  52 165 150 136  44 131 112 195  97  94  97  83  85 176 139 114 
157 161 106 187   4 150 182 124 159 187  96  51 103 114  63 203 163  79 175 145 186 109  39  62  89 113 184  28 248 247 179  20 191  52 156  82  31  60 186  86  34  74 164 101  83  67  82 152 148  61 190  69 126  81 164  84 197  71  65 154 202  35 143 131 148 109 232 103  89  66 
 59  55  64  88 154  61  70 170  22 117  59 198 127 205 166 164 226 205 100 231 158  49 150 125 136  82  48 156 147 146  42 158  78 204  74 174 186  98  34  69 188 114 193 106  72 181 150 198  39  97  49  98  77  85  50 209 134  94 195 241  60 154 220  46 176 222 137 112  91 137 155 
 90  93 128  60 219 208 216 129 170  33 160 268 118 178 263  38 162 293  50 186  51 141 185 155 135 216 107 237  47  46 185 233  74 267  78 171 238 166 165 161 248 226 116 116 165 275 262 134 186 192 113 204  98 145 198 298  20 151 280 193 193 240 172 116 112 209  34 239 212 156 217 148 
 86  85  55 121 110  47  76 159  48 142  25 151 116 183 116 182 214 156 124 213 172  36 116  98 119  40  93 109 185 183  67 112 115 159  97 149 143  64  75  34 144  65 190  96  34 132 101 190  37  51  95  49  83  61  54 160 158  67 147 223  90 106 203  58 172 195 173  67  43 111 112  49 175 
 27  24  49  58 152  91 101 145  54  86  61 200 104 184 175 132 200 212  68 208 127  43 140 110 116 104  32 159 121 119  73 159  51 204  42 156 182  92  58  68 186 127 165  84  72 189 164 171  69 101  37 107  50  74  81 217 103  84 201 218  88 159 196  23 149 205 109 131 107 121 152  31 117  64 
 33  38  53  42 149 142 157  97 110  42  86 199  64 142 189  79 148 221  26 161  71  68 121  89  80 143  69 164 100  98 130 161  53 199  18 122 172  92 115  86 180 151 109  51  90 202 187 118 121 117  77 129  23  70 136 226  56  78 208 171 145 166 148  46  95 168  84 165 137  94 148  88  75 103  57 
 92  97  81  97 133 182 204  37 159  76 113 179  27  86 186  73  89 209  74 102  56 102  94  68  42 171 128 154 138 137 181 148 111 175  78  74 146  94 170 106 157 163  54  41 110 195 193  59 165 127 137 142  61  80 181 214  77  81 196 111 198 159  88  93  37 114 123 185 157  64 130 139  97 136 111  59 
145 151 129 149 146 228 253  21 209 123 156 183  64  48 204 100  35 219 125  52  84 149 102  92  64 211 182 169 181 180 232 162 163 175 132  62 147 127 223 148 159 194  26  85 150 210 218  10 213 160 190 175 114 120 230 223 119 117 205  59 251 176  38 145  22  80 166 219 193  81 142 190 134 181 164 113  53 
115 110 124 137 199  58  33 232  44 171 109 237 189 264 194 220 287 234 154 291 216 106 204 182 197  99  90 195 185 184  21 198 123 245 131 232 231 151  32 120 231 142 254 167 121 209 171 259  52 139  84 134 139 142  39 237 188 150 227 302   5 191 281 107 238 280 179 127 119 195 200  61 197  89  90 147 200 252 
 98 102 122  78 200 214 227  96 179  43 156 247  95 145 249   7 126 276  58 150  15 139 162 135 111 214 125 220  84  83 197 214  94 244  82 142 215 152 180 154 225 218  80  98 158 260 251  98 192 182 132 195  92 133 206 281  28 138 262 157 209 224 137 118  77 176  70 235 206 133 198 157  36 175 125  72  69  99 213 
 64  63  43  98 123  59  80 151  39 121  28 167 108 181 136 163 207 175 103 208 154  23 121  98 113  63  70 125 162 161  62 127  92 173  75 148 155  68  62  38 157  87 179  87  41 152 123 180  40  66  74  68  66  58  58 179 137  66 165 219  84 123 198  38 161 196 150  90  65 110 124  31 153  23  41  84 124 172  84 156 
 24  24  74  10 179 139 146 134 100  42 101 229 102 180 212  91 183 247  27 198  90  81 156 124 118 151  40 192  75  74 115 189  15 231  22 160 205 120  96 104 212 169 142  87 109 226 205 153 116 138  47 147  53  98 128 252  59 107 235 207 125 193 185  54 129 206  62 177 150 131 178  78  70 110  48  38  96 149 129  85  87 
148 151  97 181  35 115 148 149 132 189  76  67 118 148  41 213 194  75 174 179 199  94  69  78 108  76 169  25 246 244 150  29 182  75 152 113  65  55 160  69  62  35 188 109  64  54  49 179 118  35 174  36 124  77 131  80 201  70  64 189 173  22 175 119 170 146 231  64  53  88  38 132 221  84 137 147 146 169 170 207 101 172 
120 122  68 152  44 107 139 126 114 159  51  89  91 133  71 184 175 104 144 165 170  67  56  54  84  74 143  49 216 215 134  48 154  94 122  98  76  25 141  42  78  47 164  80  38  84  74 157 103  18 148  30  94  47 119 109 171  40  92 175 157  49 159  91 146 138 201  73  51  65  45 110 191  67 110 117 118 147 155 178  79 143  30 
 91  97  85  94 141 186 207  42 161  71 117 187  35  91 193  65  90 217  70 105  48 105 101  76  49 176 127 162 132 131 182 156 108 183  76  81 154 100 171 112 164 169  52  47 115 203 200  60 168 133 135 148  63  86 184 222  71  87 203 114 200 167  91  94  37 120 116 191 163  72 138 140  90 140 112  58   7  55 202  61 127  93 153 125 
 78  76  62 111 133  40  61 171  25 137  42 174 127 199 138 180 226 178 119 227 172  42 136 115 132  53  76 132 173 172  45 135 103 182  92 166 165  83  52  52 167  86 198 106  54 154 121 200  21  74  77  72  85  76  38 182 154  83 169 238  68 129 217  55 181 213 162  83  63 128 134  29 169  23  52 101 144 192  67 173  19 100 107  89 147 
 41  47  49  53 140 143 160  87 113  49  83 190  53 131 182  80 140 213  36 151  70  66 111  79  69 141  78 156 109 108 134 152  64 189  28 111 162  84 121  81 170 146 102  40  86 194 181 110 123 111  86 123  19  63 138 218  61  70 200 161 150 158 138  47  87 157  94 161 133  84 138  92  81 102  62  11  50 104 152  73  84  49 140 110  50 103 
140 145  96 162  58 173 204  71 170 154 104  96  61  63 117 159 109 130 145  95 142 109  15  34  44 144 174  82 217 216 192  74 171  91 134  28  61  63 192  94  73 115 111  69  93 121 133  98 165  88 181 101 103  73 182 135 160  63 117 105 214  89  90 121  95  68 201 144 122  25  54 158 180 127 145 120  85  88 214 154 130 156  85  71  93 146 109 
138 135 124 168 168  24  21 231  58 197  97 198 188 255 150 242 287 189 179 285 235 104 184 169 191  58 125 158 224 223  49 164 157 208 153 220 200 134  73 106 197 101 261 167 105 165 124 261  42 111 122 101 148 133  30 192 214 139 184 295  60 153 276 118 243 265 216  80  81 183 170  80 228  72 111 164 206 253  55 235  82 158 135 129 210  63 166 197 
 91  97  93  89 155 193 212  51 166  62 127 201  49 101 207  51  93 231  65 112  34 113 116  90  64 185 127 176 122 120 187 170 104 197  76  95 168 113 174 122 179 181  51  58 126 217 212  63 174 145 135 159  68  97 190 236  59  99 217 120 203 180  98  99  39 131 106 202 174  86 152 144  77 149 115  58  22  61 205  47 134  90 166 138  14 153  52 107 217 
163 168 121 183  73 199 230  72 196 170 131 101  77  46 132 168  96 138 163  76 151 135  38  59  60 169 197  97 233 232 218  88 192  92 155  22  65  89 218 120  77 138 109  90 119 134 152  92 191 113 205 126 126  99 208 143 174  90 125  85 241 105  75 146  96  42 217 167 147  48  69 184 193 154 169 140  96  83 240 165 156 177 105  95 103 173 129  26 223 117 
111 106 120 133 196  58  35 227  40 166 106 235 184 261 193 215 283 232 150 287 212 102 201 178 193  98  85 193 181 180  18 196 119 243 127 229 229 148  28 117 229 140 250 163 118 208 170 255  50 136  80 132 134 138  38 236 183 147 226 298   5 189 276 103 233 277 175 126 117 191 198  57 193  86  85 143 196 248   4 208  80 124 168 153 197  64 148 210  56 201 237 
106 104  81 140 125  23  55 185  44 164  50 161 142 208 119 206 240 159 146 237 196  61 137 122 144  26 105 119 202 201  56 123 132 170 118 173 157  87  72  59 157  66 216 122  58 134  98 216  25  66 106  59 107  86  37 162 180  91 152 248  79 115 229  81 198 218 191  56  43 135 127  57 196  26  81 127 162 207  76 199  43 129  94  84 166  29 126 150  47 174 176  74 
123 129 107 128 136 207 231  10 187 104 135 177  43  59 193  88  58 211 104  71  71 127  92  77  47 191 160 159 164 162 209 152 142 171 109  60 141 109 200 128 153 177  33  64 130 200 204  30 191 142 168 157  91 100 208 215 101  98 197  80 228 165  57 122  15  90 148 202 175  67 132 168 119 160 142  91  31  22 229  86 150 127 155 131  33 170  81  80 232  42  82 225 186 
125 127  75 159  52  95 128 142 108 169  51  91 107 150  63 197 192  99 153 182 183  69  73  71 100  59 144  49 223 222 126  52 159  99 129 114  85  39 135  44  84  30 180  94  40  77  60 173  94  10 148  15 103  57 109 104 182  53  89 192 149  47 176  95 162 154 209  56  36  82  54 107 202  60 112 127 133 163 147 191  76 149  25  17 140  83 120  87 116 152 111 144  72 147 
149 148 117 183 124  47  73 212  86 206  83 147 171 226  97 245 265 135 188 257 235  99 149 143 169  24 149 110 246 245  91 116 176 158 161 190 154 107 111  88 150  53 246 153  84 111  70 243  65  76 150  62 146 114  67 138 222 116 131 267 109 103 250 122 228 230 235  26  41 156 127 101 239  63 125 167 194 234 104 238  85 173  89  93 200  73 165 164  54 209 188 104  44 215  76 
126 131  93 142  93 185 213  34 173 126 113 134  36  47 151 124  80 168 121  74 107 111  50  42  21 163 162 117 190 188 196 110 153 128 116  22  99  78 191 103 110 142  74  53 105 158 165  63 173 109 170 124  89  77 190 173 129  71 154  85 217 123  66 115  58  68 173 168 144  29  90 157 149 138 137 100  52  53 217 121 134 138 116  95  59 152  89  37 210  73  44 213 163  42 112 185 
 52  47  79  72 178  85  85 177  42 105  83 223 136 216 193 155 232 231  89 240 152  69 169 141 148 110  26 182 125 124  53 183  59 229  68 188 208 120  32  92 212 142 195 116  95 208 177 202  63 122  23 125  82 103  69 236 123 113 222 250  61 180 228  55 179 237 117 140 119 152 178  27 133  76  32  85 142 196  65 148  56  63 158 134 143  56  92 175  99 144 200  60  84 173 133 127 169 
110 115  68 132  72 156 184  60 146 124  84 118  34  74 127 133 110 148 114 104 117  84  34  11  19 132 144  94 187 186 169  88 140 115 103  41  87  47 166  74  96 112  99  38  75 135 138  91 144  79 151  94  73  48 162 153 131  41 135 115 191 100  96  93  81  89 171 138 113   5  69 132 151 108 116  89  61  81 191 129 107 126  89  65  68 125  79  30 180  82  53 187 133  66  82 154  30 147 
 86  86 135  51 238 195 197 166 154  54 163 287 146 216 274  84 205 308  62 227  94 143 209 178 164 211  86 251  13  12 164 249  56 288  81 203 261 179 142 166 269 231 159 138 171 287 267 175 173 200  89 209 110 157 181 313  56 166 295 234 168 253 213 116 153 245  10 238 213 181 236 134  45 171 107  88 130 175 173  80 149  62 233 203 124 160  98 207 212 115 224 169 189 157 210 233 180 112 176 
